1000 4928
854 131
484 605
858 277
931 761
713 526
18 428
736 527
974 924
330 807
58 371
239 649
703 943
959 49
871 862
694 322
692 201
199 882
219 552
859 116
808 27
730 77
702 365
832 897
258 782
211 60
250 538
677 236
401 779
608 237
844 429
243 130
215 477
707 700
889 833
563 640
206 367
324 244
240 72
658 660
736 220
292 874
42 837
678 656
805 352
562 994
27 920
213 109
446 265
229 647
178 442
18 112
183 789
226 578
867 464
960 94
707 17
945 270
618 764
767 423
329 693
623 141
878 767
457 527
439 60
426 909
940 76
500 62
889 524
362 412
999 36
69 921
964 535
655 381
70 68
202 861
577 1
962 423
83 255
67 89
295 382
125 264
698 928
366 71
563 274
495 289
812 421
15 993
174 559
907 379
638 222
947 288
805 130
680 506
350 800
854 682
623 398
141 540
105 456
15 511
255 273
141 487
8 359
405 747
942 84
376 11
619 57
406 550
805 780
819 894
332 734
967 436
516 100
718 112
721 956
659 95
758 908
264 540
53 436
981 360
729 199
269 465
253 204
306 998
826 728
787 547
990 254
563 348
721 400
81 430
870 165
618 130
873 749
923 836
431 77
343 319
337 683
672 189
330 237
258 754
427 570
939 502
875 415
372 714
266 629
690 646
13 658
618 809
195 902
696 161
329 408
450 250
82 1000
44 450
814 735
985 709
455 322
712 620
180 767
826 610
257 370
847 747
61 759
872 850
409 559
232 561
301 521
983 550
819 513
82 902
568 895
245 885
309 14
555 871
986 892
169 846
517 848
899 673
766 60
652 781
616 694
998 97
193 663
798 535
69 685
358 981
35 789
933 761
108 420
661 330
193 795
866 377
258 642
559 136
484 992
854 928
678 692
911 845
611 143
792 262
441 856
152 741
902 640
688 828
200 488
798 892
12 223
696 840
911 7
753 84
755 535
826 621
853 99
866 91
575 106
479 1
355 632
299 874
692 406
782 837
699 204
708 628
440 933
748 895
167 530
187 176
831 763
651 321
889 28
934 604
406 615
566 161
487 541
716 809
869 925
156 491
480 224
426 555
835 535
583 614
433 587
955 305
203 558
907 152
466 76
421 506
187 491
633 724
301 137
64 169
856 576
431 975
565 24
587 752
774 730
662 567
718 400
710 360
757 891
761 709
465 311
118 474
544 301
375 425
565 734
30 540
342 711
680 327
921 220
277 977
99 794
306 938
831 736
685 661
120 735
581 446
581 9
670 897
873 739
820 505
345 881
342 909
453 75
419 266
820 655
641 912
872 51
268 208
683 324
384 663
519 521
154 155
464 906
963 214
355 991
33 176
206 62
396 953
951 482
306 49
441 32
152 429
123 982
134 13
409 975
211 343
212 79
235 685
358 408
550 275
553 13
989 647
167 79
278 182
465 989
211 708
887 286
694 601
825 576
606 10
571 36
516 867
215 699
493 863
372 1000
547 661
135 439
230 997
985 778
603 186
126 730
826 90
790 76
497 992
739 97
522 908
834 545
468 668
448 352
159 9
588 189
959 728
403 309
917 242
349 261
572 78
207 300
539 128
30 437
489 917
617 374
738 162
237 442
699 499
639 10
871 636
334 26
542 607
906 244
467 918
411 101
767 437
694 895
532 14
475 192
775 512
799 594
575 818
651 648
746 752
193 528
69 967
858 515
623 619
827 682
8 424
679 976
349 493
4 131
939 149
152 705
124 996
282 294
302 231
821 153
306 813
142 82
643 364
206 353
115 848
208 227
507 485
706 660
281 908
362 337
853 926
461 823
826 327
899 7
208 114
667 598
137 999
851 744
176 225
139 394
214 759
986 385
105 29
904 901
905 25
904 41
812 850
48 21
606 77
819 150
142 820
880 620
329 422
475 387
633 257
918 948
649 416
407 400
815 535
745 116
229 998
867 212
622 466
362 115
73 567
935 964
718 492
721 899
495 488
171 539
498 969
905 159
27 543
467 161
213 909
257 381
35 485
320 49
293 490
169 705
777 770
867 855
707 522
941 419
691 836
230 320
671 442
748 824
362 344
34 813
645 143
989 344
547 956
907 77
825 10
965 900
230 170
549 778
677 197
537 850
297 604
281 71
923 432
888 97
618 501
283 961
361 990
123 683
240 124
473 981
451 633
196 688
22 704
991 266
701 763
707 648
687 13
931 534
63 823
654 119
362 909
325 263
290 299
914 868
654 424
295 932
995 544
148 604
290 84
193 537
642 8
263 540
525 841
638 25
787 350
552 740
859 192
854 977
374 570
196 881
30 328
654 973
839 25
752 129
936 328
40 797
904 934
594 346
135 296
1000 506
323 709
198 932
696 456
18 131
402 665
508 130
187 719
258 917
902 74
320 818
320 487
475 640
265 298
67 31
334 382
895 600
702 909
161 828
950 907
993 395
792 533
612 190
812 936
339 412
819 307
804 1000
237 665
201 387
679 540
602 999
355 316
134 208
939 746
233 447
585 357
53 242
554 130
972 437
287 921
114 909
922 750
539 7
1000 481
690 984
485 172
819 721
575 310
287 634
815 79
40 606
755 2
577 476
388 24
192 649
27 228
502 351
481 976
912 359
73 529
767 683
273 275
516 678
401 238
331 613
578 117
671 89
835 606
284 200
229 758
141 679
623 551
218 945
735 756
384 112
186 621
886 714
171 852
910 41
327 591
394 606
325 901
470 429
201 655
860 765
876 649
619 105
458 38
666 60
169 103
779 759
462 769
708 108
730 676
140 939
507 357
507 168
587 207
734 569
228 256
772 961
419 571
39 194
495 501
299 740
618 369
303 244
335 325
642 610
970 44
202 591
3 665
545 449
283 104
425 494
285 207
434 865
401 911
73 810
238 709
39 317
684 897
993 953
335 606
213 840
785 305
967 900
343 99
715 58
368 175
6 556
335 719
671 810
193 895
81 857
107 273
785 998
843 779
934 422
531 322
848 744
722 644
851 238
82 666
284 821
276 56
512 389
566 200
732 187
309 811
608 318
257 75
574 711
194 155
815 731
816 779
29 175
48 810
267 190
513 186
803 535
182 25
78 868
347 106
293 24
613 213
921 346
795 647
830 881
904 520
851 771
302 885
942 708
233 402
65 900
469 455
801 599
697 540
161 964
863 316
257 277
223 710
991 925
524 928
690 392
486 223
804 814
859 397
107 632
293 303
386 505
357 213
974 653
500 274
389 860
449 225
692 91
361 391
162 935
417 626
435 77
551 789
129 25
661 736
955 600
545 30
278 113
334 82
372 257
403 591
72 904
641 486
911 771
347 895
611 26
42 438
813 842
461 117
192 607
407 25
624 561
1000 515
748 724
349 671
142 956
823 348
801 487
916 769
29 789
117 510
338 944
524 95
839 316
851 700
638 374
532 849
230 154
256 535
187 829
13 964
684 485
972 85
45 77
263 26
723 655
525 782
56 148
72 544
502 246
145 225
952 143
201 471
826 383
989 705
32 695
498 275
812 318
444 352
889 930
369 93
712 528
523 39
468 366
108 488
843 426
183 901
15 385
258 553
188 682
338 613
979 657
410 668
584 209
198 249
950 583
972 11
793 917
41 178
97 445
407 903
412 575
806 765
827 600
605 186
974 665
284 976
902 629
861 613
639 61
268 529
361 113
434 946
806 17
202 611
361 360
151 836
228 60
925 114
585 879
949 124
870 438
625 929
345 153
259 511
16 318
62 496
519 541
122 906
160 163
368 881
883 511
539 609
258 979
5 528
120 604
240 811
173 121
873 579
123 44
949 744
252 828
342 691
73 445
574 528
8 70
869 92
671 576
240 867
302 29
639 641
400 881
470 249
222 450
881 646
700 818
350 148
463 681
23 648
85 867
448 881
857 429
48 977
894 447
654 227
772 445
863 643
115 811
224 232
779 569
193 675
158 591
469 320
503 906
803 333
218 132
621 938
555 99
996 813
923 625
870 279
19 410
1000 903
414 356
804 287
399 720
979 538
41 205
426 670
779 971
816 863
73 397
637 233
305 832
957 604
806 638
916 394
386 726
314 43
61 984
523 344
691 321
323 612
950 673
235 144
966 236
326 873
247 601
617 43
983 992
838 166
83 36
980 286
448 999
395 541
639 492
624 320
952 77
588 862
767 237
419 637
331 463
371 225
686 76
524 566
118 638
156 658
233 256
988 271
215 400
221 117
356 989
885 601
73 326
747 629
829 266
713 928
813 592
8 116
462 258
689 21
980 71
62 895
762 915
621 541
983 474
613 879
788 882
843 505
826 844
22 190
577 194
468 253
707 953
45 194
564 854
925 648
72 96
85 540
729 270
737 370
666 453
5 762
462 974
267 402
401 306
521 661
799 419
184 936
295 576
295 143
507 704
486 324
559 225
224 145
817 862
470 601
413 64
70 606
684 811
712 70
910 511
260 607
183 9
946 916
138 169
927 619
548 199
714 30
236 129
805 752
675 49
330 263
740 305
122 758
835 200
29 1
947 514
543 417
750 437
571 488
934 209
846 23
150 213
426 418
299 176
634 312
409 656
798 154
467 284
983 607
413 168
584 876
490 647
975 256
143 629
203 227
420 379
650 600
834 3
927 203
196 386
17 784
688 860
198 111
218 857
595 915
221 390
42 190
705 790
338 793
12 629
835 631
115 693
843 503
368 635
441 861
248 726
193 171
388 621
226 780
571 160
127 358
491 785
292 265
41 291
206 965
834 574
615 984
339 878
728 772
182 395
90 862
293 278
239 115
922 236
687 113
228 317
301 161
135 605
568 178
452 488
384 275
419 737
904 190
849 417
519 242
616 222
917 447
253 592
31 898
8 406
931 688
325 97
786 234
554 333
510 781
921 823
44 962
354 573
315 801
374 109
523 423
983 764
40 341
303 606
489 419
688 811
823 962
511 625
396 925
991 502
354 428
706 189
231 317
34 49
362 706
953 682
461 835
504 149
816 552
543 943
395 93
803 168
452 26
869 783
455 586
867 887
188 199
745 774
501 764
670 550
802 445
677 831
400 490
805 848
73 879
184 870
422 961
205 307
888 657
795 326
935 359
427 288
304 790
47 70
12 433
627 782
215 154
289 327
110 771
163 807
257 640
664 832
936 741
921 681
73 780
354 423
651 391
85 762
393 225
968 214
718 824
973 91
248 635
479 109
389 885
651 622
830 101
411 264
9 860
876 982
552 932
366 971
96 59
877 463
41 750
795 430
427 136
181 194
827 318
942 899
86 911
234 217
894 566
187 520
147 249
517 410
316 640
409 136
871 456
978 789
855 740
303 508
895 454
806 487
936 151
517 299
793 818
186 960
171 329
597 482
884 391
815 74
671 10
285 449
235 948
362 564
256 270
487 726
598 312
702 167
851 144
427 112
706 848
319 38
930 158
677 848
14 734
82 59
806 193
593 307
278 560
902 227
598 491
801 899
926 229
719 838
290 629
550 250
967 167
644 704
441 59
390 520
628 192
826 648
193 762
107 76
802 318
899 648
737 424
350 511
473 592
581 759
674 868
513 436
252 344
17 242
865 148
218 661
864 789
955 27
478 114
756 984
193 781
154 445
866 515
302 568
31 977
305 194
12 244
608 298
737 199
828 77
258 773
524 854
618 194
853 793
69 612
877 642
326 660
56 273
858 627
234 842
367 928
81 737
831 81
706 471
84 359
799 365
123 132
315 118
468 435
949 971
643 871
883 929
383 288
720 82
723 520
463 726
715 185
702 659
875 325
415 686
90 778
697 454
271 223
57 428
782 88
810 111
594 816
630 41
18 459
351 984
820 671
618 375
855 102
732 633
201 344
434 545
43 740
329 186
147 159
421 95
424 333
18 304
62 323
871 813
455 496
639 154
345 679
641 402
154 734
210 740
666 977
939 559
498 725
186 850
999 631
819 245
639 476
485 937
911 214
808 813
653 423
699 696
993 109
519 38
631 317
816 363
745 87
980 778
802 589
875 897
169 764
677 64
769 487
838 354
721 539
645 957
315 438
116 976
742 772
714 893
816 120
996 583
714 522
861 506
769 987
96 945
978 720
977 600
926 292
801 797
719 79
252 588
861 730
570 665
628 109
793 669
866 893
623 21
577 825
234 335
174 430
414 72
302 593
951 87
203 663
590 410
796 163
906 535
818 186
729 604
181 244
399 173
934 423
108 583
497 764
334 510
519 172
61 841
411 117
305 764
196 474
995 956
877 39
164 598
917 555
94 275
133 567
624 101
182 576
187 724
690 736
854 249
584 973
931 150
805 299
697 690
160 332
40 875
899 481
867 126
462 248
922 511
883 416
968 312
559 286
805 856
468 19
361 191
215 76
812 289
398 393
80 166
613 772
688 16
922 840
778 868
528 36
512 953
13 25
948 95
550 614
489 438
4 919
140 836
722 892
525 190
304 526
302 9
105 307
13 106
495 670
498 102
608 417
383 573
41 430
354 969
410 440
372 258
389 91
502 111
712 959
505 935
108 549
550 25
219 145
147 726
702 734
461 447
905 390
373 301
911 471
966 306
978 345
458 920
603 724
186 445
901 7
61 149
688 604
299 768
122 1000
403 502
14 846
271 307
59 127
978 106
350 711
138 429
791 402
340 614
978 119
834 656
998 114
48 261
624 655
602 417
855 945
694 908
988 60
371 483
519 356
830 145
555 593
83 419
232 807
728 940
268 746
767 117
877 170
401 881
532 635
185 810
661 857
812 795
341 226
69 45
198 565
162 74
52 917
475 497
399 885
801 628
703 180
82 168
524 87
687 389
229 98
728 714
13 576
196 416
895 811
783 918
509 607
59 254
166 38
924 617
337 961
157 960
907 381
946 71
361 112
587 993
278 735
733 675
203 920
594 158
249 673
979 80
523 301
282 79
745 499
124 689
469 352
731 629
548 984
515 119
500 106
792 314
314 137
939 189
465 99
419 846
784 591
692 840
575 79
988 857
575 558
221 304
994 711
919 179
171 970
643 961
118 503
465 297
728 721
303 862
757 747
531 276
866 397
495 296
150 296
940 363
86 380
782 717
484 482
799 85
468 849
841 364
237 726
784 705
478 95
862 442
349 218
792 146
958 51
99 781
102 620
685 569
28 592
453 862
135 247
927 324
516 118
366 885
458 250
115 55
504 820
120 938
157 763
447 476
413 220
395 369
223 330
677 133
988 745
256 25
258 382
729 752
904 895
742 835
337 629
891 74
268 945
694 447
343 321
536 260
827 28
701 900
334 208
853 286
279 222
392 344
393 436
196 37
795 924
623 857
205 540
398 469
34 676
49 522
480 235
388 377
192 223
871 987
52 329
641 449
218 249
971 397
883 1000
238 252
104 1
651 537
8 962
315 885
216 869
875 534
91 488
491 760
954 446
845 317
369 204
733 186
334 404
924 711
680 884
463 304
983 569
866 112
706 535
730 710
182 663
962 381
772 915
419 717
557 178
556 583
830 631
834 756
210 241
728 420
959 371
374 882
15 1000
734 837
163 752
343 103
424 944
581 908
64 598
981 756
585 718
250 897
930 306
452 197
769 752
40 736
564 556
847 586
23 404
6 180
870 729
501 607
462 975
50 466
856 157
608 756
949 455
805 66
882 938
914 559
96 795
151 901
685 770
63 743
745 468
279 597
727 604
32 499
575 393
34 491
325 237
108 243
625 479
516 154
3 105
248 680
829 205
189 760
578 746
396 136
47 368
323 795
782 765
34 346
515 527
643 25
493 749
904 622
406 684
461 452
120 848
192 301
516 273
301 848
720 162
50 720
34 886
398 768
771 294
757 505
241 90
646 145
334 375
616 58
959 170
215 436
69 447
568 750
238 889
94 2
775 818
312 7
85 185
229 143
52 392
183 244
426 874
843 978
237 447
328 675
440 725
495 145
342 185
812 386
338 790
834 179
637 797
302 389
980 952
544 931
803 577
201 937
552 863
699 109
403 514
478 74
960 709
585 261
572 4
985 707
171 690
548 747
870 424
290 743
845 705
458 581
917 143
612 617
152 7
812 672
372 482
745 136
590 254
703 726
186 681
942 424
125 246
587 178
878 538
864 453
57 833
281 227
302 214
755 424
58 297
703 933
950 376
716 91
314 824
455 588
968 629
992 900
703 912
579 981
963 424
836 437
733 752
125 429
388 105
545 463
819 919
448 148
171 144
337 680
995 433
907 822
43 879
85 41
58 382
63 297
131 840
654 120
544 709
779 155
66 25
512 969
605 674
949 871
160 964
219 899
271 250
975 551
240 977
683 813
901 95
748 774
633 145
201 740
959 809
658 379
328 956
395 92
52 971
605 75
272 417
878 908
755 217
39 176
738 620
403 854
606 76
355 186
467 468
211 779
434 236
210 359
509 412
779 655
18 515
366 485
846 510
666 439
975 286
814 231
358 227
947 975
177 824
622 154
287 760
267 244
187 578
663 909
210 938
338 119
565 655
322 627
831 706
380 971
751 699
667 226
276 321
443 813
751 324
651 986
65 275
927 838
528 90
106 929
378 842
659 768
380 58
434 565
219 508
221 549
810 2
721 18
235 384
116 601
78 874
615 175
525 643
375 316
305 620
692 607
625 1
914 561
683 474
856 928
723 652
206 928
815 803
889 610
637 386
173 599
801 446
161 404
509 286
73 26
680 14
699 314
310 130
934 647
920 242
888 956
722 527
136 246
924 887
581 781
801 228
853 207
987 520
733 23
364 209
557 873
149 369
867 753
927 165
724 846
373 408
493 781
560 803
147 626
912 363
215 325
750 383
293 871
955 114
991 645
329 912
870 99
746 600
122 165
870 802
858 164
622 309
821 225
787 352
290 803
184 859
408 76
667 317
927 217
797 71
999 576
184 855
602 161
587 66
711 817
220 840
866 151
219 901
78 225
282 305
229 534
934 981
964 607
749 885
18 842
664 521
960 538
570 26
806 76
750 973
804 336
345 90
606 92
939 737
572 769
278 107
355 905
444 652
157 922
253 660
301 736
124 664
422 270
14 593
823 944
826 449
866 319
974 4
265 882
50 717
980 224
867 490
32 779
30 778
787 909
755 919
554 733
679 906
339 617
816 49
851 991
637 540
581 767
819 723
414 277
752 580
375 665
933 913
201 168
293 999
202 755
258 244
498 39
724 860
304 94
119 333
876 631
537 133
788 46
224 321
6 428
993 760
830 250
975 952
210 876
337 892
283 728
302 100
473 345
413 447
234 307
859 147
677 397
357 726
826 773
866 310
866 867
795 254
831 89
651 24
230 506
468 14
12 995
415 92
992 640
671 205
578 424
173 591
706 779
284 630
193 868
451 392
362 408
472 771
859 433
33 611
796 622
950 222
855 371
541 197
156 440
926 76
641 950
896 442
664 602
377 528
425 28
707 976
121 635
142 821
512 787
12 779
62 644
783 740
753 571
420 769
216 402
958 204
66 476
156 779
820 245
927 691
783 350
841 739
40 703
112 540
809 394
96 294
633 667
248 962
906 929
542 286
241 246
621 948
489 487
129 640
677 573
806 147
332 833
206 229
685 158
100 485
961 781
835 106
683 679
406 913
622 358
552 307
608 304
809 209
950 383
685 9
170 925
355 817
816 781
799 895
232 68
32 598
590 958
619 556
314 253
663 561
84 270
44 38
924 803
190 662
302 891
983 213
655 360
217 929
343 122
715 53
860 717
630 128
923 32
639 124
11 881
927 423
216 359
235 581
342 251
696 486
716 583
807 280
841 704
39 242
635 490
885 868
45 875
100 825
377 660
503 300
140 810
557 79
215 941
642 379
328 90
326 825
314 21
351 136
447 754
247 508
337 14
411 402
341 887
109 533
988 514
80 832
926 557
479 153
5 854
118 60
410 659
124 870
802 145
305 463
732 869
4 765
199 270
185 145
612 552
884 277
370 589
942 263
634 828
783 102
472 792
452 409
575 597
903 647
276 370
920 75
663 813
903 744
762 759
905 615
746 543
232 622
947 873
877 24
796 117
253 90
954 822
921 838
866 916
6 757
465 881
481 114
544 550
211 89
871 848
290 690
628 194
514 312
218 237
562 234
267 130
131 165
521 346
347 320
320 250
871 26
871 929
268 813
334 551
730 445
872 253
625 161
180 478
384 817
347 999
793 992
889 847
45 510
448 515
521 595
513 795
89 233
508 627
755 244
198 476
550 900
257 632
882 790
727 908
974 848
884 387
940 800
813 46
442 179
618 134
619 355
477 175
15 924
988 52
950 871
807 810
593 23
3 592
633 597
498 213
812 892
192 797
725 429
834 885
412 274
378 757
605 370
722 617
15 233
979 664
808 625
525 604
31 653
729 526
343 730
513 722
985 44
532 754
554 285
916 785
793 348
222 928
557 662
851 905
654 638
69 784
859 632
141 537
997 477
380 48
990 253
701 459
349 769
336 539
311 629
634 75
559 583
639 923
119 591
472 908
12 855
380 716
54 576
326 229
639 663
475 224
442 885
4 28
480 213
255 589
742 102
99 533
17 596
212 844
59 998
942 681
222 662
419 165
755 530
985 202
405 158
716 532
826 52
473 800
624 342
149 321
904 299
44 332
814 589
432 438
949 767
108 254
715 430
57 482
594 254
406 404
504 277
707 120
481 770
401 523
584 898
967 835
110 89
119 312
750 49
21 744
761 999
6 803
464 443
616 280
356 566
277 919
251 901
396 567
860 569
720 583
708 422
386 176
560 144
299 990
441 200
893 713
820 276
289 273
626 90
554 856
455 833
665 379
224 645
650 481
335 265
390 567
283 989
371 250
966 229
489 743
161 770
164 167
557 996
941 203
243 839
373 247
212 833
67 222
492 390
877 689
732 291
880 288
532 425
532 998
844 459
293 91
500 26
311 521
137 601
190 813
946 439
587 537
552 87
182 438
679 76
420 850
241 160
991 389
183 931
722 228
226 1
852 640
355 936
905 893
193 328
931 553
914 609
492 682
199 822
384 360
590 23
37 160
331 454
276 528
226 839
481 437
778 165
447 647
140 288
986 256
14 761
272 445
239 874
750 807
333 423
63 2
672 649
980 946
12 311
306 724
950 213
201 935
808 89
411 592
888 818
994 882
775 417
173 185
818 741
819 132
776 474
110 876
855 906
493 637
920 151
133 662
465 816
872 752
562 43
836 111
463 189
949 788
19 573
755 400
875 956
683 610
243 676
320 391
701 629
302 539
69 335
824 482
362 609
625 794
58 944
865 288
907 921
798 527
340 502
348 392
966 209
715 159
788 244
184 293
958 701
534 754
500 681
727 442
68 408
92 576
762 568
715 691
807 9
274 823
920 158
867 185
617 609
411 803
29 862
39 364
290 637
638 424
280 225
682 270
439 591
373 529
412 321
374 266
15 268
481 754
861 828
951 101
826 187
126 60
866 543
8 726
373 194
391 759
875 128
503 835
931 690
396 580
237 253
952 759
347 325
40 465
59 351
718 921
8 250
372 379
211 579
345 114
137 962
641 633
108 59
623 185
753 938
718 900
677 148
688 205
888 943
173 625
564 91
914 438
193 646
927 471
72 486
495 929
590 695
21 307
41 602
243 383
243 690
834 476
393 948
812 114
110 439
258 517
252 700
184 324
495 739
259 863
813 200
979 310
468 450
193 637
673 256
434 308
786 33
878 928
744 915
683 165
243 849
685 526
889 600
5 4
107 844
464 610
531 271
400 379
864 170
42 570
719 740
723 631
484 976
462 808
504 959
53 501
927 476
858 440
306 77
414 146
687 450
590 702
849 957
719 94
276 564
968 438
895 981
870 976
257 598
293 440
866 692
235 673
343 975
694 989
34 610
338 326
220 487
564 912
757 658
64 234
991 227
887 606
980 108
718 727
663 871
5 370
988 439
869 827
809 841
554 601
555 601
974 59
522 408
408 428
950 463
700 600
482 97
467 790
819 224
378 112
639 126
142 375
33 896
610 807
919 133
315 52
8 290
40 190
335 756
374 593
786 881
15 161
553 477
365 551
332 657
939 934
831 697
595 928
792 845
523 594
67 881
638 838
105 764
509 710
126 97
845 973
847 131
978 741
463 95
999 324
146 860
699 575
22 545
332 60
405 338
116 814
808 649
858 539
733 443
252 491
608 665
805 977
590 537
183 392
4 379
923 94
206 987
436 725
905 496
637 471
823 237
399 336
258 250
261 644
940 148
519 840
546 562
12 647
659 785
125 778
955 307
365 689
258 771
922 900
949 265
891 994
323 996
729 873
786 577
146 237
202 286
516 841
441 369
3 662
889 23
5 678
728 163
484 305
15 689
711 505
667 248
986 581
382 490
550 535
555 21
426 829
831 277
906 457
11 845
121 842
890 640
358 681
783 13
362 107
549 453
843 798
642 914
184 241
538 445
350 802
825 423
740 494
939 726
135 537
47 10
121 77
467 185
582 279
50 956
586 385
979 604
715 946
899 913
574 109
757 275
942 458
871 352
712 541
798 597
812 18
912 233
56 21
472 91
674 580
623 544
419 478
592 316
829 417
667 266
560 277
247 385
368 236
162 36
36 128
368 849
240 102
864 763
39 960
405 469
740 595
586 580
555 363
777 896
796 16
788 109
787 79
221 919
202 763
168 423
918 710
613 865
762 685
965 158
711 70
678 360
292 51
348 176
783 912
43 9
853 583
501 296
411 749
504 366
876 305
159 695
933 251
932 885
274 296
461 64
835 130
670 612
245 501
875 574
581 792
643 298
81 29
864 754
331 893
904 265
905 80
559 317
157 473
1000 466
692 424
565 166
549 956
330 681
683 631
526 539
278 823
597 256
536 304
448 686
639 750
622 359
144 226
513 993
255 288
521 779
811 244
997 251
560 879
562 246
135 107
585 466
672 893
622 214
661 250
861 454
971 490
534 652
282 954
738 754
230 522
650 141
261 292
959 592
301 453
102 885
995 270
491 404
771 829
972 785
222 601
669 459
633 214
407 455
394 932
853 430
708 554
907 857
489 257
808 126
326 555
274 120
848 328
974 839
671 822
44 248
924 957
232 915
727 533
691 172
108 995
487 49
160 549
753 603
958 731
282 910
337 273
916 872
564 24
674 191
824 731
72 64
623 950
827 813
169 957
127 297
338 852
923 351
361 792
582 538
949 813
788 944
906 781
293 777
20 87
917 664
279 92
355 23
463 227
923 586
641 501
489 183
968 225
669 567
376 141
100 404
65 158
143 510
503 320
673 351
547 152
566 217
548 636
473 318
163 131
219 302
934 38
902 191
107 128
815 746
301 422
85 393
200 600
441 428
73 95
990 676
700 44
403 404
258 548
6 645
590 912
152 841
83 735
826 111
963 844
433 444
141 857
181 348
950 602
556 709
336 918
464 64
815 7
670 325
50 968
993 610
234 566
342 703
920 730
477 391
923 174
980 53
818 453
638 194
822 976
164 206
18 103
436 490
239 381
847 263
388 739
315 776
687 883
605 646
519 836
924 752
988 932
484 403
184 807
652 969
278 570
637 576
921 984
150 466
895 408
219 30
451 663
954 528
132 180
490 408
542 166
835 271
893 679
413 114
396 731
349 341
721 404
833 655
809 908
869 89
66 652
284 438
276 190
613 664
596 599
61 391
300 961
618 17
512 686
283 553
823 881
878 653
274 263
328 385
267 865
867 156
776 935
203 159
465 90
467 727
85 268
983 589
87 466
708 855
662 569
827 161
333 860
702 576
388 520
131 724
53 363
85 253
603 397
793 763
309 607
532 873
378 868
468 998
719 595
833 640
595 609
302 442
302 630
285 49
305 264
287 317
144 197
182 984
823 579
644 165
537 101
331 226
721 75
575 176
387 363
924 1000
156 975
395 643
978 577
325 960
508 352
329 389
917 780
610 782
224 226
574 141
722 234
905 895
959 166
9 763
708 41
528 490
451 886
953 477
45 795
451 948
695 317
309 482
933 935
202 882
666 104
67 675
560 96
335 264
361 220
122 778
671 308
916 953
640 136
362 931
303 133
650 691
521 46
80 266
9 770
691 871
434 887
289 727
508 835
877 251
294 344
560 756
649 242
210 821
784 492
85 882
393 39
947 424
714 936
508 747
715 644
40 823
974 68
78 185
613 967
335 352
272 203
407 738
138 114
211 536
995 881
819 857
742 536
578 344
92 780
419 954
132 596
774 175
261 701
995 814
942 886
796 773
888 924
619 874
982 568
548 442
986 695
199 710
332 895
477 629
369 852
223 113
939 320
560 502
146 550
981 522
247 879
230 237
517 422
433 186
141 660
471 871
238 29
610 474
424 953
657 868
740 231
464 426
448 857
982 172
172 817
89 486
17 385
471 98
464 834
365 102
990 956
721 771
168 669
64 990
991 274
40 468
340 74
474 437
261 375
827 180
295 699
829 680
762 47
225 717
409 408
894 501
854 656
216 345
240 924
678 344
883 790
168 438
187 872
795 873
995 676
745 793
670 102
891 631
460 300
472 573
127 922
678 605
56 828
293 561
40 491
521 835
776 106
685 539
482 23
979 719
673 179
218 553
702 996
592 600
499 179
188 485
835 456
797 892
337 710
671 839
730 55
923 773
831 88
164 689
864 780
222 220
631 800
386 178
282 145
1000 998
30 626
949 722
163 197
936 345
989 668
167 77
52 531
8 727
580 837
707 87
247 310
504 144
584 490
855 610
698 648
608 75
940 906
830 761
524 828
546 836
448 855
325 511
939 606
628 771
104 580
560 189
874 437
299 374
372 928
335 620
502 402
52 38
659 246
73 511
240 979
775 802
462 668
37 679
996 390
930 114
259 916
596 527
954 360
809 137
260 250
767 422
348 68
706 532
339 397
964 437
782 724
235 217
491 300
199 598
721 937
516 861
417 178
831 989
797 520
45 291
212 981
858 989
412 348
486 511
142 365
718 908
954 606
521 734
630 168
11 573
153 143
516 569
504 117
659 255
384 954
858 106
643 482
685 868
462 856
31 59
659 770
155 97
362 603
510 286
697 779
975 943
63 618
815 369
980 109
48 710
618 869
177 275
268 97
531 755
219 757
326 811
574 540
748 864
81 191
495 276
372 775
28 244
450 492
413 792
713 306
587 79
271 165
139 127
624 227
295 649
588 117
8 291
467 342
694 404
216 849
731 178
343 200
786 141
184 228
870 64
167 595
3 498
803 825
61 802
978 412
193 106
836 770
484 703
196 481
469 205
894 870
297 365
419 665
645 74
773 592
285 897
236 105
980 696
428 601
414 17
512 743
286 246
730 535
127 973
823 608
40 882
517 384
495 163
495 36
353 477
26 429
714 368
48 22
108 596
395 984
135 109
633 646
597 488
45 422
799 276
448 126
927 792
696 460
219 1000
417 438
19 299
663 327
907 640
903 957
838 541
274 880
624 94
698 886
274 625
777 505
519 260
276 682
904 115
372 297
400 167
925 152
85 491
528 217
785 150
858 173
968 16
768 221
39 102
825 28
953 87
772 765
39 629
351 360
372 789
6 735
504 27
177 203
799 6
986 188
775 348
475 490
419 425
597 615
48 397
877 598
252 338
472 376
219 84
240 298
955 21
829 734
170 518
63 560
691 322
5 253
907 992
143 660
877 743
804 345
532 499
972 202
792 608
789 28
579 101
617 186
998 36
19 836
927 232
485 837
490 561
89 543
334 462
239 192
206 51
259 414
125 288
195 166
547 989
721 607
806 890
737 577
22 931
441 669
315 90
940 244
669 466
798 474
631 961
667 559
966 351
950 421
205 629
8 797
278 136
78 228
742 827
513 319
414 429
198 494
878 203
697 317
698 437
754 46
331 590
939 863
816 195
101 327
853 765
31 428
931 863
415 438
110 954
737 924
994 591
776 59
152 640
443 476
193 159
67 472
158 506
240 547
313 371
153 569
967 773
47 313
926 996
305 153
531 566
566 390
688 981
808 251
664 608
776 779
21 344
59 541
617 704
890 494
826 689
867 207
658 408
106 538
399 223
458 697
810 535
684 275
876 42
512 8
698 303
366 860
238 78
116 676
280 7
188 656
820 661
230 929
502 310
766 887
245 682
215 756
572 404
901 576
323 247
170 608
373 103
472 731
873 620
464 730
857 810
822 194
825 862
865 844
555 453
574 948
208 765
407 924
467 536
619 375
216 675
345 782
967 159
974 596
164 21
339 645
96 541
42 477
62 702
888 116
745 301
206 450
85 58
588 264
513 183
569 466
290 693
988 540
366 871
517 493
886 352
334 859
830 892
478 913
652 580
320 229
581 832
403 256
641 614
808 346
293 158
131 207
829 60
152 573
473 404
338 505
373 475
546 168
160 595
859 620
894 360
553 599
972 159
376 375
315 478
687 644
829 428
211 234
798 551
743 9
43 769
396 430
732 133
271 429
954 251
628 470
106 55
795 760
722 440
171 66
542 87
714 770
639 257
468 957
529 533
306 381
293 54
351 644
334 930
679 422
875 977
353 28
342 589
806 228
40 235
206 750
560 567
889 845
709 90
585 561
858 369
767 281
773 298
363 381
144 635
661 653
782 944
667 55
405 532
815 781
334 805
48 319
247 753
766 579
32 526
414 393
434 98
715 854
666 325
902 354
978 691
775 447
355 253
619 600
283 703
692 367
252 422
441 321
716 341
460 693
863 93
285 792
354 841
505 318
336 137
232 501
888 812
755 586
32 807
641 690
877 305
808 755
420 761
493 552
350 417
431 33
210 436
138 41
619 461
912 849
105 749
52 439
279 781
134 199
54 333
509 262
592 717
34 9
441 563
560 450
228 539
671 588
232 606
13 402
749 648
547 332
976 589
831 577
196 189
970 25
519 832
766 725
533 540
311 936
864 551
350 982
723 591
478 906
407 32
440 463
66 994
216 865
215 109
268 299
454 273
202 337
546 520
945 354
894 669
373 47
512 601
628 967
590 733
450 840
526 674
376 245
195 430
524 222
142 683
783 603
863 615
555 190
295 865
278 492
309 408
45 209
389 114
372 734
981 744
660 668
13 646
216 558
819 802
141 754
240 959
310 358
972 989
684 599
168 656
611 538
870 435
818 832
140 558
329 277
257 155
664 325
353 143
405 958
427 599
137 304
407 597
728 109
914 481
441 509
12 752
986 263
192 17
219 809
127 736
367 126
384 887
556 424
820 251
612 234
861 368
941 557
798 501
980 338
233 744
986 497
492 595
73 887
590 300
590 568
480 229
795 779
975 882
500 232
338 255
795 756
66 837
213 359
379 540
552 686
384 507
820 836
989 850
792 711
152 60
650 532
524 300
587 759
750 33
143 445
252 563
20 115
279 121
617 518
63 191
235 571
962 391
820 87
587 817
785 937
720 777
554 976
258 766
349 874
928 539
495 511
284 303
708 652
196 601
364 298
291 807
56 363
183 845
955 195
648 175
278 510
8 697
409 747
598 632
451 982
213 155
107 514
328 288
564 999
609 324
453 483
556 197
34 607
61 87
562 41
484 248
581 790
892 154
575 449
107 332
589 704
924 155
989 166
786 439
455 782
955 852
979 383
965 205
732 643
400 298
181 41
664 600
361 578
139 363
803 91
462 73
462 514
854 863
249 636
861 723
162 976
566 761
753 38
751 567
956 669
739 23
150 442
190 136
743 146
139 861
412 493
654 76
638 522
416 197
160 759
843 750
326 854
434 962
19 906
539 681
594 11
562 32
211 553
692 505
48 879
587 741
682 614
406 25
302 906
902 99
120 643
501 10
671 983
126 996
215 998
198 90
219 828
409 261
112 231
495 342
80 837
338 780
745 340
564 501
966 95
821 957
814 482
401 511
199 580
458 760
287 653
104 879
8 679
337 685
357 604
139 281
841 38
432 178
587 80
771 281
789 533
480 121
886 204
455 689
799 282
819 5
507 327
288 459
768 896
348 763
32 190
610 842
316 25
118 248
138 520
213 84
485 735
89 657
364 928
736 153
19 263
115 657
519 231
978 753
481 79
546 406
484 537
12 478
503 75
826 307
440 106
968 722
232 952
939 906
276 724
196 629
177 167
820 322
586 77
641 59
473 857
479 79
866 128
2 429
867 169
742 501
677 787
706 129
858 941
160 852
271 204
220 114
662 25
313 446
426 298
373 758
858 715
980 436
193 782
160 71
489 714
199 94
56 408
661 266
699 971
630 390
336 51
562 606
66 817
31 892
16 459
240 681
575 197
575 656
978 196
192 839
574 392
29 225
892 79
20 492
965 474
17 537
235 366
680 262
861 46
76 938
820 473
43 973
203 657
85 655
688 635
783 57
472 849
367 288
131 117
876 606
138 225
525 24
677 860
234 630
950 320
883 757
992 1
793 541
955 993
615 794
287 281
565 354
930 244
986 969
950 142
623 540
904 881
40 883
184 200
920 333
166 629
812 171
426 506
758 747
80 92
709 482
747 51
985 151
35 207
389 759
37 106
450 9
747 760
739 973
517 962
320 589
451 415
677 90
825 244
936 476
768 996
834 122
11 935
139 234
547 249
965 170
434 332
89 863
715 360
517 103
295 7
388 327
834 237
249 443
40 447
394 449
750 579
549 225
164 436
310 597
755 691
804 874
832 608
338 204
926 981
926 430
787 852
160 307
180 532
768 333
608 658
272 695
383 300
403 482
757 511
880 456
206 800
248 951
464 276
447 579
926 57
216 405
548 335
48 612
92 46
199 180
851 584
40 519
721 229
406 443
869 49
476 38
727 353
853 258
526 408
949 574
774 923
473 155
382 511
972 203
593 55
274 346
784 499
375 658
356 608
195 930
171 697
924 459
309 251
917 662
771 631
793 664
439 273
903 984
276 860
462 294
619 535
66 909
412 244
69 506
289 444
824 695
794 898
492 298
121 23
338 739
942 828
707 770
82 854
798 672
135 919
15 190
182 102
972 385
465 24
536 847
315 979
626 655
557 711
190 944
229 256
804 948
144 237
509 112
552 900
699 983
521 768
435 23
116 150
247 835
120 209
998 609
399 601
69 173
52 46
551 676
239 541
238 527
296 242
575 249
667 703
779 89
411 668
853 621
712 591
322 570
617 154
424 928
809 609
720 68
351 494
206 818
378 328
568 248
72 893
436 360
12 481
41 280
351 657
208 178
278 821
890 818
903 730
670 44
799 550
798 754
729 286
142 837
624 703
18 431
219 879
716 103
368 552
683 432
460 24
192 779
691 345
502 679
775 458
233 95
147 30
584 370
993 2
388 647
206 906
171 228
193 151
983 683
213 860
243 301
52 97
343 119
76 95
995 371
192 612
210 127
964 225
196 446
876 456
634 477
362 986
366 191
962 194
233 817
673 750
581 632
106 79
758 91
894 753
857 629
775 418
58 625
185 111
439 891
667 354
207 317
940 265
27 195
457 913
69 580
228 68
489 494
803 515
553 948
806 422
475 492
78 770
795 659
405 808
57 249
907 410
946 358
351 128
325 891
824 129
683 93
737 984
40 314
663 953
813 417
228 647
465 134
673 953
563 646
910 499
843 236
786 837
380 444
271 832
329 201
139 141
512 782
574 956
132 87
20 171
243 103
738 837
858 685
566 223
498 960
509 464
762 420
331 516
206 432
133 101
154 23
651 895
931 674
783 257
378 327
861 236
954 676
171 952
928 665
389 151
465 110
502 800
818 225
105 602
43 404
586 606
552 13
458 394
590 499
115 474
924 758
82 753
706 874
377 570
590 275
691 191
768 549
35 102
595 908
96 994
356 169
709 286
978 814
139 4
523 558
162 383
578 299
400 552
990 136
259 926
24 324
208 635
997 250
727 879
819 173
729 482
303 691
442 38
623 144
808 442
471 818
888 904
278 568
653 631
48 457
380 633
216 923
965 402
715 477
737 613
863 237
259 115
120 609
433 54
889 648
708 180
232 133
301 987
696 532
824 457
328 227
645 263
410 892
443 879
173 314
528 770
568 90
965 814
979 832
70 761
198 450
939 630
182 125
240 430
19 768
186 112
634 130
354 539
504 222
268 847
253 580
13 482
760 7
894 629
219 565
698 151
343 113
757 962
480 652
787 496
467 268
378 260
583 74
782 526
130 74
414 612
554 860
27 385
184 83
289 528
363 60
606 136
308 971
340 510
335 351
861 377
184 264
795 900
426 212
715 463
746 631
301 660
910 514
465 926
492 597
879 155
719 344
188 144
378 329
337 832
659 925
268 838
358 862
608 747
880 832
348 609
565 952
581 760
21 427
900 533
812 695
259 101
523 428
447 416
263 360
351 60
639 38
878 517
628 856
458 112
258 958
995 148
819 527
345 994
411 298
322 214
394 763
926 418
714 346
552 369
365 735
703 446
703 316
120 734
409 880
501 647
528 709
342 908
31 814
73 291
293 525
276 829
456 114
444 214
101 149
484 355
212 360
233 466
231 75
585 344
289 779
715 115
753 900
809 551
111 379
683 10
612 444
208 357
867 579
500 24
816 681
157 713
856 443
982 26
160 205
677 179
328 862
202 686
184 941
259 659
426 311
118 476
942 297
338 30
820 252
302 200
663 533
364 948
446 245
654 620
331 584
497 285
575 494
578 30
851 164
444 726
552 346
140 178
446 390
198 311
905 422
933 379
720 665
113 333
152 626
47 977
171 723
334 189
742 14
279 772
252 532
399 275
430 656
824 316
805 486
939 604
475 434
348 956
45 882
612 622
290 148
228 791
745 139
980 297
637 429
448 670
508 909
548 895
436 836
970 835
992 316
276 237
433 213
718 332
230 11
825 908
399 225
458 312
974 705
367 797
21 842
557 445
238 575
722 115
163 165
582 335
514 817
878 881
517 991
147 668
566 797
903 897
151 299
762 861
482 606
411 684
746 76
658 573
199 325
290 739
809 447
593 506
519 459
978 981
100 321
183 102
562 33
284 292
230 435
160 534
50 350
52 89
269 749
53 763
826 215
257 237
256 915
492 29
811 476
245 734
893 141
452 579
824 492
512 19
110 137
717 95
556 160
889 597
613 30
835 273
338 342
798 629
923 599
773 402
514 482
588 550
627 446
424 682
721 738
218 119
871 759
157 803
11 152
531 837
452 318
864 353
562 22
202 773
954 294
215 84
332 91
867 630
134 102
465 746
680 253
877 515
912 797
912 482
159 780
733 1
554 494
240 981
594 764
167 305
461 894
831 323
652 583
981 280
801 351
819 616
289 565
161 760
270 10
861 818
916 632
611 352
131 919
719 574
278 655
664 26
818 71
52 265
531 163
878 149
200 540
247 245
340 375
993 491
939 115
170 265
135 419
942 706
30 143
667 231
616 837
57 307
111 992
20 478
402 520
261 782
815 829
816 597
396 26
893 46
464 597
659 586
295 76
864 471
990 38
738 496
613 191
554 865
139 255
452 14
458 664
684 906
974 727
991 664
892 141
582 780
45 830
135 928
691 842
88 459
929 756
804 992
396 629
493 622
783 645
735 647
574 693
947 454
504 15
160 881
675 255
760 580
211 282
420 675
937 607
587 212
721 304
667 425
333 682
959 202
464 876
48 550
195 66
584 760
706 601
736 756
832 895
517 236
132 996
757 802
846 600
206 838
500 317
464 694
836 695
613 479
261 736
712 818
824 844
362 576
238 87
793 540
594 202
904 643
430 811
355 172
429 717
330 344
805 849
205 929
689 391
57 979
516 221
590 934
555 128
222 160
856 897
151 736
748 759
748 188
947 404
624 882
698 530
108 694
366 817
965 903
918 23
792 818
845 13
672 971
980 340
529 449
415 849
598 92
950 939
716 607
552 520
516 217
722 881
314 593
240 366
851 247
478 324
867 762
528 76
198 809
958 340
697 996
86 656
628 501
920 592
633 281
653 49
568 631
471 161
821 609
588 586
877 580
313 681
409 157
230 946
980 665
171 910
124 267
512 212
87 316
565 674
481 359
239 960
517 845
269 29
386 778
803 597
722 176
188 975
979 505
228 374
504 983
319 665
86 715
980 953
344 128
399 46
980 408
4 935
905 145
6 8
192 116
821 882
930 148
715 221
484 676
426 151
96 138
983 207
305 900
654 822
43 112
199 589
920 55
670 145
421 43
809 635
633 88
651 783
307 488
449 900
983 660
198 699
692 679
514 662
85 131
53 688
826 583
374 55
774 657
795 99
745 559
141 38
734 533
696 626
142 901
877 483
809 648
582 390
646 607
3 491
761 647
671 621
285 88
34 984
53 487
771 27
959 8
637 312
598 141
1000 397
193 922
683 277
382 744
292 602
956 244
388 665
776 903
677 348
375 70
654 936
968 971
401 201
308 13
20 76
350 896
486 148
812 621
144 292
869 364
796 668
174 55
68 379
123 589
35 1000
906 351
342 818
73 990
526 898
884 520
866 600
910 660
446 154
980 464
