1000 9902
674 48
171 86
155 589
981 713
484 919
218 231
721 132
566 492
859 274
497 501
639 205
541 34
523 539
679 699
229 566
878 245
317 435
149 647
781 580
752 508
770 759
18 112
551 350
829 344
807 139
433 559
658 32
625 211
165 112
458 202
847 628
415 760
479 874
606 261
352 712
630 159
192 33
835 857
130 491
629 349
386 897
528 336
800 415
456 709
19 757
821 747
996 967
390 532
639 165
842 153
364 453
2 64
370 646
614 493
279 428
339 129
675 379
801 916
698 568
131 653
171 968
432 444
50 967
110 687
845 520
992 68
261 727
962 868
300 131
27 144
36 389
40 709
332 556
370 507
682 796
686 315
436 754
76 553
324 911
667 666
210 291
466 953
693 406
755 69
432 141
615 465
547 881
21 378
691 794
752 860
293 538
851 692
835 219
256 468
185 498
630 652
428 690
454 950
535 891
937 408
475 269
891 65
854 55
901 825
203 67
773 947
632 803
857 194
1 926
511 769
536 553
687 770
100 936
322 510
235 835
435 133
662 580
311 622
442 747
558 533
227 295
321 830
18 886
458 113
631 854
527 907
841 432
434 966
472 301
508 435
810 637
978 523
117 77
357 734
283 279
239 734
75 585
166 608
405 296
922 962
740 845
583 497
549 161
76 905
862 312
503 918
420 378
594 861
900 940
724 808
46 276
587 464
867 800
157 490
693 712
486 382
785 757
720 666
334 84
595 170
314 860
923 867
48 103
267 199
346 340
37 977
890 905
542 886
233 958
168 815
746 356
765 456
566 27
380 42
567 374
256 146
423 222
770 614
427 155
637 142
485 353
696 672
803 580
631 464
133 965
553 906
767 941
800 829
895 732
346 827
384 532
994 767
77 697
212 672
913 147
843 974
881 23
416 661
974 73
958 493
905 231
890 303
319 605
947 860
929 761
549 688
731 565
312 741
596 637
578 128
192 843
676 165
820 325
434 83
523 877
520 11
661 915
278 377
282 884
925 542
196 914
123 658
758 8
373 38
429 788
529 110
183 805
421 752
705 301
943 863
122 329
231 25
306 176
236 689
6 101
365 851
22 92
633 67
482 593
162 595
245 318
512 965
286 464
714 279
980 438
829 794
296 531
922 363
617 881
289 702
603 414
116 803
879 390
615 392
285 475
551 992
589 301
208 200
302 902
543 332
530 669
638 842
309 70
972 778
757 243
635 960
502 601
854 290
86 920
553 853
661 386
949 391
915 11
60 658
63 265
69 844
551 36
511 763
422 152
892 810
857 137
271 333
644 233
265 228
791 650
429 709
970 507
227 494
669 731
467 351
804 614
39 967
264 499
446 991
127 970
273 379
751 569
701 91
829 134
12 812
796 881
718 149
412 586
237 479
309 802
291 875
164 251
257 911
809 234
110 845
45 808
799 451
499 371
92 325
737 920
573 242
615 923
227 938
871 493
233 425
268 152
35 255
314 810
723 74
656 113
159 70
858 950
832 927
571 142
519 742
97 283
135 796
529 918
508 475
742 524
92 26
832 705
623 220
980 569
874 68
550 895
202 985
654 584
884 157
907 110
841 742
328 783
423 384
352 95
742 166
104 854
450 382
346 191
733 545
129 851
280 289
285 80
161 775
273 616
716 724
648 588
532 828
997 205
1000 63
125 898
109 509
56 247
368 697
260 257
246 702
47 571
9 899
454 587
720 61
95 847
761 807
319 695
234 925
807 930
138 711
666 826
259 736
388 387
608 805
674 612
661 858
111 722
494 645
134 810
122 60
450 631
752 219
662 552
735 930
204 554
960 392
378 789
895 808
52 598
19 253
546 928
279 626
588 535
24 906
724 55
102 327
158 565
876 282
643 75
681 284
865 239
663 404
614 482
984 715
241 946
633 228
172 288
140 838
966 702
56 337
846 352
478 868
422 938
906 876
633 601
727 404
110 451
322 435
827 482
996 491
300 418
802 188
978 682
112 962
280 142
51 845
786 744
241 335
441 125
15 351
988 629
185 384
518 66
904 498
850 626
506 716
472 980
936 368
702 270
882 756
859 369
520 79
441 712
770 597
389 808
446 347
599 371
308 408
521 41
886 965
299 567
325 571
792 596
209 710
11 222
636 875
529 359
126 681
831 502
93 416
791 803
634 132
65 391
526 52
364 245
94 26
463 195
249 83
639 387
204 733
745 787
374 341
710 211
892 786
715 299
936 44
413 716
766 714
37 412
849 654
667 829
583 385
763 456
674 876
466 233
824 939
364 312
608 962
681 538
702 908
704 341
723 499
372 195
998 11
68 196
162 385
769 239
241 696
953 491
627 252
155 889
319 186
640 235
788 403
402 690
475 1000
242 949
884 324
82 714
730 878
218 808
738 897
189 523
686 673
48 725
695 557
973 139
242 151
623 12
996 106
726 333
34 651
146 337
924 864
601 917
452 752
35 987
347 609
386 41
778 749
696 110
455 511
777 467
562 939
251 398
288 224
677 330
436 472
934 107
211 68
647 786
209 802
139 855
678 108
807 584
408 788
905 448
585 628
392 293
773 729
80 672
135 560
304 628
201 126
287 373
948 593
956 195
610 112
993 376
112 399
236 690
499 352
26 16
227 945
943 975
746 417
73 27
310 344
183 970
495 980
430 535
788 627
125 578
353 852
741 903
214 663
880 879
379 919
842 432
285 892
828 739
823 179
439 947
557 108
760 904
465 28
673 535
86 588
664 753
662 489
538 683
261 448
287 636
574 802
938 484
411 620
750 257
698 420
612 354
457 888
670 70
727 19
647 690
579 8
550 636
215 748
553 997
19 65
534 864
4 811
756 944
816 581
13 547
492 326
682 146
739 863
722 659
856 673
583 854
130 624
437 628
277 783
960 655
770 640
294 822
669 730
505 151
515 748
222 20
904 853
444 118
601 429
140 287
267 300
676 930
164 149
330 125
5 579
799 573
222 822
683 704
597 778
176 730
491 851
718 566
858 957
231 909
163 437
468 869
476 84
224 165
225 220
119 784
325 361
606 762
386 511
443 242
928 914
555 661
996 609
746 8
733 798
242 795
703 634
672 894
694 107
627 180
664 170
538 655
958 524
778 158
542 847
780 576
604 156
487 824
841 793
817 170
439 693
462 718
346 47
377 979
102 544
730 969
622 219
15 491
829 515
556 829
833 448
703 615
547 514
237 88
773 204
830 439
759 503
710 528
237 489
973 437
260 32
722 887
445 252
853 239
691 764
375 383
566 524
736 979
53 503
26 613
43 705
464 538
653 648
654 99
607 434
293 9
653 793
340 244
892 553
805 430
628 839
420 140
293 154
425 786
909 448
36 565
442 567
854 591
852 254
1000 586
571 606
37 278
153 809
101 675
395 804
583 271
145 701
349 437
760 260
631 515
841 69
533 903
736 381
166 804
81 584
62 917
432 446
459 469
288 946
534 19
383 603
646 569
7 497
615 156
233 166
328 78
257 86
202 81
637 277
804 268
100 683
955 296
850 958
188 697
409 700
893 124
968 141
197 549
290 393
897 151
882 495
827 338
846 178
8 938
941 678
837 597
566 61
768 100
332 867
704 822
355 706
558 467
708 198
600 967
964 360
983 476
23 120
399 63
946 292
795 451
276 810
830 369
247 449
677 738
38 804
242 46
21 602
49 741
797 9
692 481
893 416
696 996
234 879
113 118
609 873
60 603
575 404
78 660
720 275
319 682
782 278
658 352
470 322
809 724
312 860
14 47
108 446
787 237
950 843
493 756
560 428
994 315
925 647
198 845
161 570
21 765
210 637
965 763
13 222
416 744
936 271
607 437
874 551
378 822
719 271
164 173
130 461
905 645
525 212
261 995
175 303
642 336
552 768
511 327
207 91
614 572
541 874
124 808
395 832
13 273
383 281
476 109
637 914
277 364
315 41
888 341
580 523
562 42
139 327
766 346
362 4
179 582
578 256
956 278
303 628
320 560
909 936
215 417
896 457
269 585
935 936
900 829
595 63
334 17
997 767
944 453
12 301
585 501
270 825
253 95
208 448
171 724
355 940
893 943
306 673
73 698
183 421
612 617
962 616
358 661
587 861
90 863
717 380
771 710
778 86
124 434
949 143
346 116
59 601
599 67
820 924
582 791
640 339
733 665
94 665
739 580
830 365
9 205
375 144
96 689
880 977
947 640
711 427
658 309
185 381
494 497
830 79
743 794
634 682
179 347
623 412
949 264
223 98
890 301
265 646
194 356
129 883
117 668
722 974
654 91
77 487
457 383
815 76
156 863
495 640
499 581
31 994
217 456
919 83
524 673
887 607
637 808
139 389
378 701
452 708
418 596
182 485
657 945
455 979
889 47
173 158
819 340
69 93
533 590
19 924
520 599
467 452
62 962
14 865
681 740
276 328
993 202
300 182
656 422
430 977
72 173
129 58
703 597
249 539
103 400
750 949
896 324
384 104
438 479
149 152
23 691
306 837
56 528
320 901
752 952
311 554
547 779
45 309
769 261
314 224
861 546
138 892
68 765
729 10
920 774
460 71
388 228
265 119
108 593
958 173
246 707
473 101
170 463
578 448
234 906
412 384
678 943
259 271
756 855
43 740
62 320
691 272
511 987
667 267
596 403
468 14
87 868
108 123
614 779
791 987
240 899
136 655
675 610
823 426
236 256
973 933
95 271
134 777
145 720
701 827
405 366
455 701
83 124
592 397
515 171
572 968
111 480
4 299
227 829
603 994
415 234
119 520
583 234
489 798
419 564
907 130
980 468
927 79
659 805
531 131
438 8
333 222
334 73
39 857
671 74
581 677
927 220
140 642
894 385
56 701
819 202
310 246
865 257
746 152
905 587
695 193
171 429
82 256
893 200
931 503
54 378
590 88
945 12
68 853
854 733
328 751
316 708
479 776
392 268
124 105
198 672
536 131
21 581
6 283
748 726
267 717
716 436
256 634
56 794
527 508
930 502
219 294
75 405
811 281
134 526
838 626
255 644
29 401
916 564
283 113
781 466
929 679
252 602
403 584
423 693
981 251
433 445
624 904
930 843
623 682
718 966
960 394
10 897
467 234
875 281
676 478
297 866
151 412
248 507
999 888
840 735
830 722
10 739
541 645
933 297
794 35
355 912
984 717
322 972
609 224
3 443
187 54
70 274
230 104
983 554
827 6
847 203
922 318
357 891
488 998
750 898
290 164
917 505
600 571
530 942
732 8
78 174
405 838
470 452
409 556
414 831
676 598
347 200
280 319
600 968
109 334
282 259
555 188
242 113
410 380
850 624
290 595
588 316
140 933
781 643
512 152
161 366
508 623
915 69
590 449
35 73
612 50
815 484
397 267
421 133
193 46
891 51
471 879
204 874
65 20
268 655
363 585
257 698
330 976
39 568
886 229
688 822
193 328
620 433
89 271
415 151
724 375
27 961
781 216
505 63
695 865
291 852
753 737
19 677
118 829
283 744
265 805
913 881
533 696
224 256
41 846
823 259
736 427
220 244
393 465
997 739
943 922
949 613
65 66
543 171
240 617
885 375
567 143
862 601
354 170
3 548
286 149
567 60
200 86
219 850
243 88
842 673
216 972
569 785
936 761
497 997
279 249
225 598
361 36
708 5
493 730
285 500
659 571
931 318
38 532
849 217
579 496
895 115
410 883
271 950
54 290
989 896
858 545
994 809
613 17
431 57
817 532
731 74
218 43
200 530
310 587
506 750
623 185
152 708
1000 392
237 31
127 277
376 935
800 943
88 881
694 527
626 465
807 503
666 840
521 75
247 891
928 67
89 73
626 288
902 715
356 721
784 514
969 522
112 53
813 905
106 349
392 514
106 543
515 771
156 719
395 897
749 712
883 746
974 727
245 25
781 77
286 565
57 733
732 541
269 825
809 284
828 40
443 10
266 513
514 251
418 708
491 774
131 697
464 159
803 203
558 99
552 344
556 384
281 546
881 825
650 348
780 975
128 110
572 617
93 332
124 454
261 462
959 315
876 764
731 136
824 534
717 501
392 386
545 332
837 556
489 694
931 427
4 759
312 200
629 650
996 131
671 847
636 378
263 534
945 635
640 23
398 267
38 786
223 274
650 144
949 388
808 136
19 67
717 168
954 618
351 510
579 155
892 178
968 642
812 531
563 431
726 581
783 178
833 181
118 185
122 180
711 172
973 227
899 830
810 143
903 990
744 647
106 736
342 544
199 873
516 61
677 745
279 49
562 687
834 875
265 899
749 283
936 456
166 652
524 759
482 814
934 966
631 648
706 609
357 531
339 120
676 153
115 999
74 247
278 981
562 96
301 460
325 454
275 781
741 974
797 812
689 867
597 618
49 12
512 932
340 517
591 76
780 421
758 983
707 579
284 816
840 352
40 340
328 84
21 31
722 124
120 214
747 467
470 926
508 325
500 737
460 166
442 618
366 206
93 622
955 383
759 909
445 709
431 617
30 97
531 572
841 628
626 962
82 656
526 705
820 934
752 820
109 361
626 853
510 760
518 101
875 923
226 583
703 939
263 634
65 789
747 799
215 797
980 364
726 139
547 516
19 95
665 977
151 618
869 657
797 212
783 97
312 834
167 508
709 861
85 83
584 622
326 295
199 47
971 94
113 170
39 646
458 492
139 768
692 220
929 678
477 512
507 926
610 869
550 943
58 803
78 801
596 295
356 888
362 509
397 170
610 71
663 179
942 382
999 891
398 748
19 761
528 365
909 160
914 630
429 760
181 434
359 254
912 734
847 37
79 207
306 601
92 74
241 768
866 609
206 198
28 910
328 112
756 16
102 902
251 600
124 714
217 137
241 610
370 326
548 395
510 570
673 846
102 736
72 339
772 918
845 72
497 218
59 575
778 3
707 123
981 632
185 389
848 451
61 554
423 135
63 108
468 540
604 83
200 582
448 499
613 990
741 233
161 365
768 307
436 161
385 869
189 311
100 886
716 40
700 933
539 481
498 569
44 864
359 632
855 599
921 801
635 719
766 781
748 872
621 246
605 657
190 701
468 71
52 646
273 183
517 348
463 488
482 871
869 841
763 474
984 29
470 804
933 492
240 829
259 245
577 402
91 49
411 478
243 135
865 159
719 300
426 965
528 329
233 469
676 209
89 601
510 11
794 4
686 14
49 507
126 251
552 494
899 323
918 237
166 838
44 314
137 872
390 330
641 872
598 837
993 282
253 236
533 778
728 606
698 826
571 56
904 821
146 321
964 25
106 289
436 722
517 663
225 597
594 350
375 991
662 912
966 970
312 335
280 298
538 709
119 474
844 317
307 724
470 160
275 434
639 427
850 706
459 540
671 432
765 437
997 346
479 158
359 809
30 347
994 974
695 607
260 452
118 432
532 360
386 622
652 853
375 432
549 555
56 400
891 442
49 307
598 104
341 497
164 414
596 633
923 327
285 714
877 368
183 515
294 664
226 34
430 424
987 957
402 955
127 119
643 230
524 675
102 435
473 741
701 789
213 726
961 584
33 777
383 319
150 244
686 42
784 94
396 268
555 797
556 498
82 105
689 215
376 182
214 682
859 675
253 240
419 322
421 816
441 877
832 761
962 680
817 107
628 19
867 977
927 139
784 395
591 318
581 219
980 775
782 372
401 698
4 609
3 846
868 864
744 302
997 68
141 252
690 940
343 182
661 285
47 690
176 441
553 857
860 627
453 931
920 776
722 620
726 364
963 874
838 874
587 566
143 124
181 809
437 351
95 855
958 83
248 950
318 242
398 42
278 781
520 332
593 362
798 715
982 420
913 591
761 617
545 888
998 778
838 679
36 613
200 971
220 63
112 656
702 565
217 264
331 304
523 958
787 517
222 170
887 652
948 560
418 519
680 974
791 74
235 391
577 346
266 595
340 288
460 850
454 344
148 595
679 320
978 350
852 443
267 327
624 298
715 581
720 937
774 650
743 51
927 440
755 673
331 973
560 913
499 415
392 867
90 576
987 498
436 628
662 174
28 986
270 759
81 880
327 770
951 196
684 449
8 802
776 908
817 224
766 221
237 529
906 86
263 343
275 448
487 821
958 375
601 647
532 83
492 624
555 338
424 976
405 627
651 839
125 926
453 903
459 214
790 635
225 1000
688 448
542 511
214 92
942 848
725 320
617 463
894 829
860 885
760 780
493 892
5 480
27 296
619 722
104 421
88 810
584 623
911 972
491 359
203 43
616 256
715 84
934 182
829 452
748 148
622 645
45 321
18 783
476 503
169 393
501 36
412 571
754 660
738 113
500 364
287 334
89 723
532 971
353 70
71 347
802 645
272 739
364 450
888 316
11 777
432 290
710 917
474 613
448 85
594 410
780 35
82 862
479 940
533 391
309 597
148 341
468 938
884 991
429 284
603 625
470 584
533 870
900 288
388 747
204 661
817 179
893 904
189 769
150 521
599 858
585 312
713 499
897 148
557 194
544 879
944 137
484 82
410 797
512 461
567 361
683 372
349 792
871 695
214 158
696 649
968 878
773 267
795 719
595 721
501 674
726 293
284 328
648 128
516 336
802 380
159 809
185 358
887 131
686 986
467 588
341 107
511 703
481 105
299 555
249 388
981 955
599 508
362 339
36 558
273 916
648 168
160 258
412 664
161 575
491 464
938 785
297 175
2 52
943 96
411 179
865 444
648 390
633 840
528 684
835 824
60 9
93 60
1000 776
106 987
896 831
743 149
712 567
322 959
323 580
384 498
410 266
486 17
339 728
182 318
590 683
202 680
704 314
867 726
286 264
955 107
371 96
888 54
997 764
229 322
221 189
7 605
456 162
917 27
96 153
745 252
985 781
859 868
141 797
111 979
524 290
949 795
552 555
536 432
76 473
572 566
77 112
738 810
868 845
579 498
337 899
432 921
966 858
327 744
18 497
399 28
719 116
778 439
502 737
68 555
551 174
493 34
682 186
764 99
342 201
368 340
424 710
61 815
868 129
852 526
229 585
89 222
108 270
259 276
872 954
377 347
319 600
268 734
786 31
354 309
312 746
692 149
899 853
312 601
609 106
616 159
579 865
65 359
502 220
179 235
844 719
635 306
412 611
549 110
218 830
221 493
349 216
266 700
890 271
490 414
495 611
701 788
794 246
79 96
316 374
482 618
145 634
547 355
15 825
514 104
296 916
861 95
20 737
974 870
97 498
667 906
283 901
12 381
785 571
110 616
145 932
527 167
278 675
629 852
944 484
229 358
488 800
295 383
777 708
860 58
581 970
584 218
603 726
470 995
208 318
872 725
581 755
452 441
589 296
275 352
907 295
187 611
52 374
220 572
403 4
81 482
265 235
229 826
883 174
655 818
646 894
792 212
680 720
782 435
893 500
554 306
898 960
114 509
463 722
545 29
507 150
165 356
347 577
598 26
928 242
126 779
274 412
540 903
298 278
239 28
786 3
551 257
701 372
518 586
758 335
619 535
467 354
77 440
255 451
222 24
302 144
550 458
960 464
482 812
123 546
948 561
951 658
457 122
828 95
297 385
283 722
875 92
145 725
628 700
303 524
515 172
989 125
791 299
745 521
269 573
576 317
396 640
237 750
589 537
515 330
223 815
43 445
399 400
970 636
239 209
634 961
530 984
128 475
200 255
468 203
741 384
524 746
511 200
46 930
530 875
489 263
474 117
521 628
594 354
6 508
321 462
376 655
765 395
933 719
552 882
402 777
440 428
114 63
759 685
699 971
543 700
450 29
911 184
897 474
534 913
795 659
81 351
321 232
33 156
881 496
311 973
920 660
136 48
137 174
356 294
820 117
7 904
476 803
646 473
801 256
142 8
808 548
882 201
222 372
434 250
435 175
388 148
667 409
190 152
395 634
322 694
931 540
677 96
236 464
112 206
476 359
339 937
549 38
770 821
258 65
791 105
704 49
351 694
488 700
951 359
671 868
163 85
331 795
171 974
317 708
619 460
839 707
76 833
495 889
296 577
922 317
174 422
656 481
586 878
146 787
112 793
231 583
774 401
498 318
561 36
777 540
461 27
387 840
119 579
484 204
267 463
124 315
965 411
533 71
972 617
664 138
810 161
572 988
389 233
189 738
636 333
730 774
778 400
962 341
670 130
323 501
52 221
273 728
401 419
350 990
961 363
449 447
260 125
716 475
592 73
330 691
739 778
482 317
69 783
658 348
507 862
517 23
386 571
812 981
616 238
356 425
583 794
431 89
753 43
610 916
711 118
142 151
537 887
370 631
981 156
32 845
996 647
344 894
586 854
974 766
767 397
737 874
339 50
451 556
13 269
166 100
224 242
741 947
962 928
419 850
417 637
399 645
184 948
394 485
81 936
525 259
84 725
103 283
658 740
654 840
327 820
823 83
736 123
366 938
993 908
760 113
724 532
802 874
806 802
262 48
447 508
950 461
635 589
180 635
119 325
963 995
466 697
855 49
159 750
55 905
785 111
831 56
906 800
488 272
790 995
113 901
664 307
912 375
557 600
706 178
800 819
543 517
431 783
324 973
4 963
811 469
117 582
990 959
961 480
839 259
678 903
401 169
207 629
389 920
928 70
568 45
532 584
574 199
387 251
265 539
948 312
531 272
771 257
293 205
226 32
210 605
653 861
395 565
641 829
5 618
9 623
212 98
468 212
363 22
18 743
205 807
758 189
891 540
984 362
417 831
224 303
641 878
499 359
546 852
448 935
512 812
593 992
83 213
67 568
729 587
513 438
552 519
359 398
387 597
686 155
154 872
784 239
968 412
145 923
386 391
48 170
58 127
441 365
370 317
250 947
41 195
314 340
243 166
449 571
987 39
879 509
114 137
851 532
156 422
357 853
716 686
258 798
243 452
872 500
746 469
285 247
33 6
352 696
761 924
8 324
539 240
857 497
252 509
863 719
510 957
479 54
392 114
269 436
899 517
528 809
294 304
18 7
184 355
83 599
999 541
951 862
990 992
5 684
268 16
65 465
193 132
191 689
710 483
288 368
364 171
19 512
38 300
701 228
79 688
891 730
838 327
547 470
17 231
74 16
809 67
974 647
406 435
247 751
654 341
89 757
680 944
295 841
739 367
903 526
580 681
377 178
583 294
197 103
235 188
456 319
685 466
202 313
796 621
729 566
622 137
720 939
662 66
296 727
230 64
802 577
965 243
253 801
515 316
55 111
497 759
894 58
607 723
298 627
426 588
427 797
449 997
542 71
453 577
901 573
759 793
426 479
82 365
102 872
485 112
802 146
119 145
241 468
521 746
884 266
757 511
815 904
681 200
930 78
327 546
328 644
612 700
734 875
73 848
569 108
685 713
246 513
707 17
397 513
843 721
626 163
815 187
548 854
420 757
977 270
220 807
62 6
250 976
490 881
270 83
809 739
185 560
999 688
138 705
602 426
714 544
142 102
271 262
303 207
346 543
717 572
539 292
597 102
710 463
990 111
916 790
615 582
652 460
556 764
72 734
239 850
95 414
923 163
687 58
981 473
748 436
144 202
201 911
572 822
631 617
927 376
286 624
676 184
469 678
257 798
700 38
650 991
35 879
984 721
895 389
476 53
573 385
277 113
582 209
949 754
552 388
275 991
992 91
956 510
941 110
983 919
966 707
935 528
828 672
868 629
29 709
148 328
674 282
305 357
15 534
954 122
223 659
388 612
509 782
989 516
367 144
258 613
522 297
708 188
582 669
237 291
829 832
702 470
885 836
257 493
324 564
143 144
626 884
608 471
972 840
649 315
831 7
209 380
997 235
322 53
103 920
790 964
220 916
281 776
742 222
378 268
621 320
853 41
21 982
425 181
647 518
764 456
765 609
363 481
750 143
772 469
22 668
62 141
66 208
473 210
916 980
756 340
27 167
321 803
128 126
496 428
957 17
366 194
501 149
136 286
231 268
782 932
680 874
588 851
442 684
558 911
904 786
448 190
967 297
350 309
460 813
230 351
156 534
286 733
253 534
35 351
736 560
153 776
136 986
639 70
400 991
253 888
73 498
883 417
461 843
578 560
968 353
485 251
220 22
650 725
408 152
906 699
637 323
49 218
413 921
675 122
750 930
883 255
764 811
98 873
120 273
727 438
432 189
868 791
470 965
272 598
682 725
440 664
663 634
480 681
671 159
674 401
83 291
767 550
695 261
276 186
722 357
595 913
100 465
392 490
798 22
51 687
379 266
821 351
343 175
702 498
6 453
816 881
270 439
864 621
403 91
756 555
228 460
122 587
213 138
56 181
214 259
467 765
860 648
190 488
648 872
9 978
224 565
142 86
143 315
882 803
494 613
226 991
691 315
776 27
479 256
156 805
30 794
754 504
559 388
84 199
274 918
984 77
657 153
153 970
65 278
691 70
69 294
587 169
58 585
866 992
499 761
191 963
490 412
823 498
454 371
349 71
709 487
291 130
527 650
853 568
723 36
870 149
484 894
945 34
53 398
537 424
591 229
267 139
270 798
492 986
609 270
926 552
941 455
727 346
971 780
654 603
797 648
229 70
46 900
401 703
424 872
650 442
427 111
856 875
855 103
786 554
824 393
660 119
879 109
295 44
958 884
779 739
109 274
772 760
384 681
886 714
691 968
85 345
124 177
640 410
345 132
56 81
114 507
833 367
321 179
618 955
910 277
568 236
346 742
668 351
799 999
969 968
400 445
934 62
187 903
854 225
677 360
146 224
189 94
163 45
361 809
892 515
674 714
164 268
649 920
524 540
173 586
389 669
32 886
239 825
511 36
494 978
761 313
727 980
224 473
909 39
960 583
861 878
438 961
477 101
304 485
726 632
32 596
783 739
733 340
221 96
974 934
6 660
867 562
173 253
303 526
790 116
115 914
562 239
141 496
144 284
200 38
262 332
393 563
680 269
104 703
715 821
123 472
612 607
650 380
617 999
304 560
214 407
250 980
287 713
354 810
921 126
980 806
696 513
533 402
147 331
96 417
663 787
613 196
206 682
890 827
816 938
176 457
493 198
989 705
47 595
375 166
433 923
747 787
289 159
493 87
114 396
372 884
302 647
801 36
954 522
5 591
468 730
17 646
767 576
423 594
673 339
268 529
285 621
217 79
92 845
350 173
387 165
5 382
833 149
738 142
838 646
469 353
308 673
290 884
365 464
60 258
69 204
668 65
230 598
557 130
639 510
269 10
71 130
580 915
575 562
377 115
840 885
89 679
148 796
280 154
393 853
577 394
631 763
388 534
14 657
579 317
211 101
908 133
32 624
110 853
205 13
317 593
179 624
418 776
571 306
330 460
433 273
210 102
482 643
248 422
34 472
953 758
129 500
940 788
686 208
998 102
581 6
512 563
732 150
860 67
920 280
778 64
197 926
751 283
755 988
771 579
849 359
243 240
851 497
86 654
293 800
371 852
906 73
345 433
385 558
333 432
764 884
87 129
933 737
860 391
54 458
772 545
403 62
833 565
281 670
375 138
947 573
878 103
147 69
494 364
856 577
694 693
769 610
685 672
722 706
63 334
657 513
285 960
913 415
911 956
919 812
753 88
436 348
42 183
958 505
407 365
504 714
446 301
268 565
964 810
588 110
271 386
572 144
389 563
467 431
640 543
239 915
844 343
387 46
351 865
335 364
463 859
890 245
360 716
583 495
30 257
689 739
942 303
350 537
697 956
202 98
455 596
981 508
178 507
508 854
842 999
295 784
775 386
887 998
989 884
453 196
921 274
7 301
904 426
324 183
509 237
701 751
153 41
27 512
49 72
361 462
949 725
272 425
720 771
422 895
794 341
137 590
485 38
340 799
769 17
94 982
902 471
386 353
154 679
68 993
587 851
533 89
85 610
157 181
987 74
20 243
595 513
431 571
624 77
664 390
982 178
199 316
829 903
39 407
541 113
501 564
226 832
161 269
180 31
346 771
934 384
113 20
95 908
947 823
285 932
995 3
799 915
820 478
549 696
198 286
271 486
274 454
455 50
243 983
434 437
550 82
143 728
37 101
666 631
875 343
377 43
69 293
948 600
364 359
3 75
829 235
406 4
62 746
528 282
378 711
115 520
775 622
903 437
690 2
217 73
129 274
205 519
150 136
799 245
802 571
197 163
288 897
747 265
992 149
244 66
651 258
816 212
304 183
253 140
344 664
556 254
881 799
907 237
637 358
141 685
788 344
537 88
985 878
694 277
438 320
556 163
688 107
427 977
637 72
251 757
664 196
938 495
295 94
100 502
372 627
708 245
301 585
987 86
418 359
630 802
321 400
521 319
782 438
548 828
166 269
111 436
459 191
226 670
27 467
851 997
325 730
729 108
570 583
934 428
810 86
574 903
556 630
84 407
998 807
218 477
973 539
388 407
541 375
28 174
212 307
126 665
625 46
754 394
498 716
826 55
356 754
259 19
726 671
675 923
571 730
652 423
594 729
919 28
729 282
841 368
288 592
914 508
109 520
866 901
448 790
781 108
383 334
610 414
538 163
921 345
360 841
995 584
282 485
391 325
747 27
306 479
509 292
851 9
942 176
193 887
33 922
548 47
398 926
89 774
650 539
667 619
526 162
16 871
625 805
522 465
154 301
197 953
422 534
168 689
302 617
822 87
883 39
711 805
876 912
915 992
219 447
502 514
798 111
53 60
825 979
203 568
241 308
313 167
428 404
85 395
243 485
273 753
976 48
693 160
284 407
216 453
18 327
754 125
556 715
351 473
484 766
415 828
356 432
285 620
658 390
149 680
471 833
187 365
577 254
449 345
209 722
660 964
69 586
971 34
184 496
297 183
613 633
344 246
735 938
212 23
938 712
170 606
17 193
291 958
74 50
991 333
350 351
867 371
377 227
395 972
767 490
988 453
606 44
221 466
334 755
500 159
322 855
680 61
420 504
80 949
465 657
710 905
698 961
410 202
832 775
872 852
603 964
922 708
861 388
242 596
281 176
979 841
853 864
638 206
509 42
681 951
276 509
67 608
81 867
448 998
394 64
90 979
343 423
228 869
11 201
438 264
907 275
929 319
124 421
695 660
569 272
864 980
574 515
462 557
871 691
720 32
986 427
623 50
57 85
829 975
668 627
997 233
432 735
792 271
483 252
854 477
198 529
522 875
645 848
514 675
319 723
91 528
701 471
632 812
397 406
236 130
551 373
790 663
826 852
991 114
459 933
207 515
706 510
322 503
937 50
744 708
268 276
341 314
18 879
572 330
908 836
835 828
801 764
677 1
550 273
496 652
245 15
687 216
963 833
361 514
782 708
128 685
991 566
897 826
671 692
219 541
993 54
956 190
604 360
624 374
827 203
4 50
906 726
546 529
177 402
681 514
168 619
279 681
819 908
474 359
609 480
186 19
663 519
741 739
289 794
110 434
916 225
647 19
6 153
985 123
686 463
945 887
103 587
272 743
661 147
205 463
794 628
926 105
959 483
945 593
198 851
113 809
366 485
276 981
631 427
854 398
270 239
888 212
526 988
678 811
420 527
833 306
688 539
750 169
226 10
778 612
621 68
610 951
295 290
916 148
779 831
672 461
173 620
13 251
416 523
74 507
300 617
407 967
445 368
66 583
675 591
70 7
150 708
55 647
853 740
467 25
303 647
100 761
277 531
75 620
738 164
996 896
614 467
649 685
67 940
408 65
733 298
586 112
36 145
789 445
718 589
221 139
461 668
478 522
555 784
684 692
707 621
279 604
84 756
875 803
603 368
862 77
663 698
870 26
449 798
107 586
401 915
573 681
101 184
430 698
825 724
717 286
629 626
423 407
279 915
566 234
485 170
858 404
640 207
185 230
676 638
933 842
650 440
66 291
708 246
285 67
103 764
198 812
324 767
364 572
76 641
974 337
100 70
809 141
485 396
694 848
328 585
661 393
523 408
962 152
33 244
130 806
57 254
989 925
403 486
321 177
910 283
22 135
167 470
703 224
30 602
531 83
109 195
402 229
167 423
759 9
985 116
74 317
984 188
473 953
688 286
676 417
344 138
37 233
871 429
44 699
144 225
454 450
516 345
990 144
685 446
830 569
309 858
491 843
990 291
59 143
921 344
550 34
11 736
325 448
310 316
131 667
926 602
969 245
805 583
239 511
386 503
261 761
686 186
963 467
983 908
984 534
767 821
881 846
36 363
168 547
983 259
656 264
768 882
977 332
44 29
660 870
702 686
833 781
882 914
360 489
507 266
125 183
881 569
793 451
611 570
377 874
307 531
90 129
351 314
668 616
138 795
320 599
232 835
697 8
720 167
775 469
858 61
643 843
673 480
679 142
27 303
320 467
429 655
285 619
126 811
915 268
518 667
354 78
869 637
710 435
839 85
52 825
145 105
990 963
772 18
577 110
298 409
9 714
429 945
356 663
999 501
832 684
611 155
136 707
230 551
70 701
840 887
785 42
867 370
10 795
248 258
932 190
914 481
278 24
31 816
288 748
555 954
681 267
700 33
645 736
631 539
870 881
28 742
538 55
943 636
512 902
163 38
664 577
77 404
97 318
903 162
870 83
928 950
637 700
432 5
784 298
345 868
326 671
393 702
466 796
698 147
55 274
447 452
910 996
409 285
140 556
971 726
220 706
668 686
389 347
54 345
147 361
25 581
121 559
963 11
266 377
830 858
145 788
772 547
117 844
51 42
392 303
156 280
639 971
604 926
952 487
275 122
721 222
631 375
209 386
66 13
592 77
699 739
351 60
668 274
652 943
997 458
13 611
895 691
489 803
551 487
599 844
418 318
549 642
198 304
757 559
761 548
498 642
230 993
361 854
397 486
697 736
383 205
365 434
222 69
23 428
151 219
689 656
84 174
819 53
213 782
929 347
109 941
183 682
331 511
938 685
101 955
52 563
773 637
210 663
463 123
49 275
912 159
805 172
678 426
899 427
317 514
413 707
196 725
150 226
548 17
434 689
326 995
590 684
862 689
573 418
119 876
232 528
415 171
590 735
756 195
20 808
936 593
224 835
43 505
483 718
210 362
543 60
361 238
487 922
418 127
517 657
497 823
96 269
152 15
319 173
530 796
162 120
760 651
756 272
298 872
744 312
428 475
546 210
233 821
472 667
778 33
561 951
419 889
650 231
659 143
807 63
386 88
521 146
88 84
821 239
520 342
648 875
654 349
137 234
768 388
938 988
108 410
164 388
881 158
461 293
957 193
904 979
703 429
616 349
725 616
377 463
913 155
1 865
210 601
834 447
213 802
503 110
18 623
304 621
359 457
117 55
390 639
706 532
545 658
358 271
643 125
58 711
644 706
573 228
701 815
939 902
982 792
196 713
415 105
847 106
371 293
234 23
418 846
202 713
774 563
713 195
202 600
576 325
685 29
851 333
814 835
270 797
279 829
587 712
7 581
670 287
561 241
915 966
7 868
691 815
393 976
217 692
487 299
823 710
293 631
419 644
725 596
462 618
925 146
304 223
275 69
812 740
691 973
838 876
413 303
416 253
492 296
472 990
263 813
472 772
878 396
721 439
260 53
49 782
215 390
751 759
844 443
424 310
169 291
530 230
368 83
991 437
460 515
341 256
166 373
135 766
134 983
451 829
363 89
718 797
630 57
175 382
606 54
847 296
842 418
390 746
585 202
325 463
236 542
883 493
576 387
547 258
93 980
50 628
653 402
244 471
980 579
103 428
36 507
510 438
149 196
685 914
138 87
305 462
234 937
458 968
475 954
208 287
171 421
815 916
154 669
393 867
930 74
841 637
181 196
665 271
149 422
722 296
315 898
389 503
950 312
437 411
935 428
117 887
243 420
150 816
445 928
88 611
397 573
716 349
715 804
413 779
544 662
284 401
821 182
346 854
773 51
5 89
706 246
768 477
575 456
333 973
320 468
877 16
660 586
274 509
826 702
874 697
674 634
353 269
117 348
703 485
62 503
818 849
654 27
867 228
711 339
905 519
654 138
254 933
148 799
205 794
352 690
445 693
80 865
101 857
248 259
357 687
277 494
724 57
173 333
391 282
800 262
928 649
514 267
897 689
670 424
737 946
442 286
940 753
886 349
245 331
687 292
586 315
31 192
147 634
120 137
589 726
202 702
295 591
281 5
887 829
410 419
448 530
25 8
444 200
851 148
390 496
508 990
124 594
44 115
229 441
301 860
733 889
183 344
297 973
732 667
30 53
337 997
594 432
617 81
271 858
163 613
773 484
958 928
355 717
484 47
217 748
627 441
834 869
119 237
640 470
824 307
57 196
275 125
39 492
173 279
604 526
223 224
260 126
338 906
195 579
218 480
765 435
421 141
425 202
99 63
139 980
503 257
60 434
758 281
598 182
691 336
655 309
531 251
630 327
633 737
562 671
31 608
951 563
77 849
134 927
451 757
583 196
306 48
934 950
97 157
978 766
695 827
1000 782
936 22
61 427
78 575
880 883
789 423
685 278
633 29
2 938
149 937
124 519
846 330
170 769
405 128
7 460
980 626
345 839
16 929
850 8
851 289
984 894
896 224
942 635
438 379
727 291
987 566
492 656
972 650
650 386
542 140
764 124
160 922
287 531
823 765
815 829
946 956
640 3
588 457
872 155
414 587
264 823
360 192
234 825
308 32
419 969
195 686
640 289
118 634
184 221
973 483
631 203
144 571
750 175
4 95
497 315
243 811
714 719
757 704
255 324
114 516
867 94
708 671
182 801
79 158
114 919
34 496
838 348
911 544
951 535
754 583
648 424
540 206
28 410
840 688
914 407
412 405
969 509
435 569
904 580
837 190
723 388
41 547
338 103
28 815
585 190
324 150
223 928
24 719
102 103
398 133
323 854
380 669
436 504
152 970
595 226
361 56
471 167
845 854
803 657
461 77
478 949
524 365
673 557
512 365
15 586
110 332
133 763
410 812
896 123
660 140
807 367
454 139
643 947
309 75
801 390
385 619
512 58
750 510
398 275
42 627
823 630
9 16
700 774
220 856
773 222
117 948
192 934
673 474
468 706
397 14
955 900
138 726
251 163
108 360
919 458
958 436
299 617
93 565
881 185
916 904
354 27
231 451
251 718
476 490
884 526
222 173
387 504
559 118
727 976
66 681
789 141
398 536
97 197
355 601
871 401
781 105
822 639
988 403
343 205
794 212
443 46
980 255
391 673
433 84
469 894
111 605
413 981
297 677
337 496
615 29
304 199
784 177
931 930
328 205
491 619
77 494
59 111
334 39
489 94
396 702
309 747
939 740
883 266
595 254
854 921
853 826
803 461
749 746
917 93
242 785
428 461
620 746
642 964
936 697
427 62
135 257
671 339
652 432
87 8
768 914
898 749
846 207
725 902
4 457
90 143
143 187
129 985
29 32
86 947
983 419
760 618
134 485
52 118
542 940
420 754
720 40
226 673
703 177
669 993
123 43
895 665
308 399
436 324
526 649
593 335
276 749
743 853
963 621
17 267
660 587
169 208
531 222
1 831
960 276
446 535
565 451
897 483
662 551
450 1
724 356
356 864
785 40
490 318
878 997
995 448
800 427
698 746
936 59
131 987
867 453
546 806
322 850
72 929
628 670
376 474
222 939
870 887
762 356
586 182
328 154
974 817
576 480
282 375
909 954
966 693
469 899
842 367
973 366
465 432
466 139
943 751
340 912
345 874
550 775
702 878
690 698
538 838
298 739
175 951
896 180
608 142
220 732
318 369
135 357
319 24
67 51
985 980
514 67
350 678
332 149
6 466
778 11
599 945
364 518
181 72
733 651
555 824
510 137
800 702
798 985
18 279
536 232
440 61
289 460
21 608
316 592
319 847
413 278
899 563
440 172
424 721
562 810
906 393
764 453
899 576
463 513
249 397
1000 691
910 64
967 113
902 926
995 120
796 127
857 127
913 189
544 989
992 722
749 814
795 177
779 788
209 844
545 938
250 144
425 231
804 673
726 508
577 505
9 629
529 126
487 242
658 794
257 595
430 552
465 976
429 181
291 812
933 357
774 811
153 787
559 415
657 355
126 144
550 758
221 164
993 75
496 621
957 720
361 289
35 160
292 849
885 382
409 987
727 623
894 68
984 545
783 965
223 988
81 819
723 508
651 363
210 217
619 319
909 559
234 211
914 903
113 627
594 2
6 156
834 565
746 122
944 221
387 130
746 217
488 233
198 948
166 686
574 595
618 287
105 352
967 640
327 737
771 580
721 30
47 180
726 489
46 847
33 124
590 264
668 594
692 344
752 707
173 925
910 258
108 758
808 708
576 672
683 132
226 873
658 442
143 262
772 438
385 970
117 753
619 659
873 679
251 375
805 266
753 969
256 857
13 186
99 171
445 427
692 156
565 394
516 66
455 278
39 983
614 797
54 196
204 613
581 501
853 368
602 560
554 959
154 33
743 289
966 64
326 803
226 239
644 716
280 631
840 623
235 359
219 634
644 595
280 742
926 637
656 1
152 433
289 616
953 379
79 143
54 987
258 724
900 795
758 627
599 565
374 840
713 338
932 692
681 908
974 11
353 579
486 481
150 712
778 225
599 795
342 288
293 996
574 591
337 992
180 298
701 921
856 799
871 756
530 544
758 170
925 1
51 428
664 277
122 312
622 36
679 231
375 364
801 381
127 479
421 68
556 513
960 829
543 773
472 36
473 781
311 565
289 468
39 618
479 355
743 534
605 721
438 696
23 470
444 9
319 966
250 200
804 761
967 351
308 1000
112 217
370 949
979 373
338 407
453 270
364 327
735 848
818 79
210 861
856 151
451 605
153 247
201 102
2 113
495 908
975 150
939 996
724 150
141 410
127 881
862 764
560 570
614 333
747 172
400 979
913 594
96 122
922 288
889 819
484 497
528 183
620 965
876 607
534 509
45 224
200 151
208 934
613 493
478 918
45 369
817 280
983 239
327 907
94 914
440 341
559 888
564 662
877 569
16 648
4 589
439 654
777 971
281 532
216 683
604 774
318 240
111 246
648 632
276 793
388 819
225 887
9 162
962 328
699 619
705 746
907 550
895 320
556 671
445 128
423 199
708 538
506 414
363 507
103 251
990 676
458 285
476 856
60 569
616 249
726 98
792 580
482 118
134 663
653 701
250 10
610 890
648 3
903 821
869 971
394 947
434 68
501 44
455 3
4 453
814 338
156 520
654 315
857 685
306 157
847 270
540 422
227 613
103 14
537 728
918 111
228 549
672 581
12 222
679 898
974 224
277 206
79 214
589 513
214 891
430 932
862 619
175 874
634 522
873 306
361 102
290 186
531 152
789 212
84 260
197 215
56 611
733 887
346 244
807 417
989 542
850 836
85 585
945 728
855 437
343 129
897 285
777 999
741 62
872 419
691 873
747 869
578 717
172 638
564 392
711 555
15 464
206 953
806 453
574 865
262 651
85 284
240 283
76 113
692 411
415 796
203 126
739 128
98 827
481 624
455 289
445 21
800 12
912 726
565 260
839 5
900 63
636 895
784 528
134 770
411 139
168 700
252 999
264 468
93 293
834 457
174 926
66 639
478 167
378 829
455 595
758 168
981 391
322 772
685 387
904 630
390 545
448 850
243 155
72 990
469 836
954 484
849 762
760 299
483 900
610 133
309 52
144 458
2 936
663 317
331 828
706 832
922 825
576 380
261 574
558 444
877 552
430 563
110 455
815 54
598 418
724 531
428 176
140 636
807 500
522 356
371 902
820 577
385 412
523 146
29 965
67 46
967 643
345 400
825 926
630 987
646 92
738 917
500 375
7 914
530 573
501 654
927 722
403 462
465 963
232 353
360 849
588 169
501 416
683 711
194 456
677 493
682 53
701 503
648 253
521 113
411 73
29 442
198 849
415 897
218 629
381 903
352 943
867 64
69 526
226 59
818 791
496 349
294 736
407 963
702 737
982 605
752 110
771 36
114 887
387 303
9 244
28 523
70 138
188 833
559 434
124 839
965 119
306 308
578 268
990 474
280 503
741 976
139 156
737 655
371 215
779 332
466 193
236 709
418 956
606 661
917 470
340 657
495 190
936 147
154 994
600 590
139 122
766 95
234 308
733 782
607 885
447 526
816 166
484 316
671 232
858 481
333 17
580 22
543 418
727 193
413 153
570 12
403 159
422 713
315 635
997 75
284 746
158 215
228 788
215 898
436 989
717 124
522 122
775 348
834 824
138 867
808 899
850 558
853 989
26 679
109 413
129 669
433 851
584 749
402 78
921 966
593 353
156 854
429 679
708 523
201 350
933 791
95 124
373 890
523 715
636 816
708 709
70 810
218 585
420 781
193 783
490 585
666 596
460 653
320 24
89 32
451 830
792 950
188 7
395 935
535 491
24 955
11 663
563 994
250 427
982 1000
73 82
93 15
40 421
576 23
176 677
41 541
183 203
68 354
324 244
417 574
551 306
71 873
699 448
598 633
719 13
296 621
940 814
917 490
573 600
208 500
703 759
776 806
102 912
676 839
789 32
974 100
57 354
954 976
794 569
464 172
194 989
232 152
820 569
217 612
417 122
764 575
955 486
495 289
647 484
405 521
636 289
633 524
891 204
30 510
622 372
324 735
169 538
976 166
686 741
526 638
603 89
397 570
166 776
318 4
599 141
125 518
539 622
65 251
319 698
58 60
569 187
651 330
541 165
193 95
284 178
570 727
520 480
689 664
61 960
526 186
160 511
783 265
161 554
992 712
221 666
256 770
253 67
342 602
754 570
494 769
117 458
504 769
841 390
52 603
614 701
403 943
330 156
841 279
109 743
573 184
748 218
79 947
979 129
739 411
488 676
420 485
560 584
230 404
278 194
533 907
348 71
296 698
405 504
880 552
186 137
940 786
211 310
362 822
698 812
100 336
669 376
48 105
997 91
966 597
935 670
224 810
788 125
50 126
516 915
637 11
656 534
396 785
807 305
295 31
843 613
755 369
332 230
902 158
670 138
732 579
109 468
130 891
592 946
448 808
246 663
657 618
530 504
379 50
986 214
734 616
961 284
285 986
604 696
623 396
554 389
441 580
960 596
84 468
856 357
673 369
507 967
187 965
313 642
354 110
834 773
835 517
840 953
952 807
826 960
187 562
28 258
122 101
69 442
288 447
142 270
930 652
965 963
458 99
938 681
363 743
785 10
515 929
168 20
593 885
173 285
818 37
858 982
732 931
918 8
839 526
870 224
25 204
490 212
474 753
224 254
202 544
646 529
629 839
407 95
137 999
817 69
72 12
202 947
941 377
461 934
46 512
942 118
509 954
94 984
831 509
320 949
686 464
504 94
727 316
180 673
735 338
990 531
186 382
6 45
742 795
656 626
717 87
419 748
208 105
962 286
582 771
454 738
542 429
545 415
892 50
240 425
612 81
207 863
460 275
289 458
214 855
535 941
437 754
496 146
959 861
910 435
872 211
294 948
317 13
815 370
51 225
640 578
520 440
83 560
190 756
374 113
711 82
201 669
737 563
59 102
131 230
705 29
88 9
416 512
58 993
828 221
39 934
481 494
66 576
511 158
495 517
442 499
44 611
277 78
836 711
842 422
502 503
889 59
624 312
571 259
261 895
580 595
845 625
50 897
859 701
969 173
509 124
306 718
935 576
132 883
404 248
701 638
81 797
262 234
409 806
733 781
263 212
357 9
965 458
73 578
759 930
116 928
335 710
394 148
287 611
146 629
698 454
755 1000
100 508
122 660
983 43
310 947
169 27
9 132
546 504
526 611
875 501
747 812
949 24
588 488
94 609
989 871
242 774
26 880
677 575
844 32
612 196
706 1
463 836
865 672
94 274
933 231
401 30
540 15
43 609
62 479
281 421
914 212
848 592
978 931
944 799
961 151
47 478
909 463
503 744
841 489
511 45
403 790
151 396
45 649
563 116
361 588
69 259
418 541
77 88
644 787
568 525
491 846
810 694
706 702
452 947
895 489
903 443
129 368
239 405
162 157
731 167
121 302
710 822
641 733
658 661
530 858
827 246
849 594
171 618
689 539
651 292
64 730
928 943
339 464
159 197
210 159
855 333
324 427
201 416
699 161
704 537
755 237
581 845
160 743
50 647
593 250
315 553
195 47
124 415
641 153
271 834
510 660
385 475
828 873
649 71
214 136
74 823
739 571
255 855
405 633
267 616
143 53
860 553
699 621
938 239
655 142
613 816
543 763
446 425
696 68
381 876
777 389
605 785
334 825
608 516
83 635
65 4
948 329
330 928
539 316
136 377
744 750
302 330
749 355
683 637
80 726
500 455
397 223
273 337
192 175
737 837
500 229
374 714
358 207
583 258
163 463
145 680
898 102
258 457
791 209
850 367
813 377
801 983
871 7
283 550
175 636
382 80
572 992
735 596
132 288
914 245
158 705
641 313
14 805
219 981
845 569
97 305
975 394
771 235
390 500
375 686
909 520
949 619
381 121
382 306
76 713
558 273
944 421
798 256
820 760
656 361
286 52
499 258
167 883
620 713
882 480
510 545
883 9
684 46
336 452
564 628
207 822
34 919
219 401
310 968
774 59
25 584
726 448
86 867
677 772
859 161
753 486
552 855
691 637
198 470
485 463
699 649
523 423
40 270
806 330
157 509
955 848
761 717
942 890
288 99
933 861
481 630
9 783
639 677
402 294
818 670
51 53
199 917
744 714
892 578
89 283
904 794
672 278
777 909
463 70
563 940
417 810
948 754
43 250
115 565
441 596
448 852
676 196
476 98
421 559
392 967
136 849
581 193
504 107
361 294
913 655
452 77
330 491
630 493
956 299
810 906
746 915
567 131
79 293
713 187
551 655
399 418
115 113
188 739
882 437
440 672
332 982
314 185
384 154
676 751
617 49
944 175
85 619
507 457
287 543
55 531
573 978
321 397
473 266
146 304
731 234
360 196
713 832
864 724
403 464
316 631
298 6
119 615
503 195
152 639
407 281
1000 259
568 71
221 575
702 54
421 62
886 162
152 797
728 316
506 182
490 595
390 854
269 61
625 357
705 141
923 242
301 314
240 852
277 433
259 218
264 532
26 243
590 9
923 967
364 493
495 629
166 703
600 888
12 17
948 837
810 866
560 529
874 177
803 247
380 992
555 790
992 172
131 562
963 121
742 504
926 755
478 342
824 853
642 218
811 561
480 367
44 160
7 44
727 509
241 598
389 965
480 734
394 2
189 710
345 720
608 376
148 117
976 926
890 956
844 518
855 398
640 197
533 390
826 240
954 941
142 393
561 837
466 761
592 861
755 187
294 277
211 813
207 909
189 402
181 830
505 418
78 686
9 101
427 402
985 348
87 420
824 94
894 530
592 10
956 619
777 104
348 59
642 753
60 391
759 7
834 250
434 204
553 258
535 662
683 899
589 901
463 875
374 82
835 903
288 393
73 791
386 794
761 336
634 206
545 599
161 878
400 226
553 60
165 942
558 975
463 137
946 85
151 508
724 34
966 419
109 658
925 57
831 995
795 265
875 999
639 6
72 792
895 488
366 670
257 186
398 277
576 408
480 45
359 183
420 492
664 619
591 80
963 473
999 271
468 609
950 241
36 401
534 496
379 612
684 293
833 997
558 506
262 215
466 818
262 657
737 341
538 878
603 268
819 891
128 70
517 724
806 185
160 599
938 572
436 780
459 485
816 930
11 384
693 164
527 394
238 3
132 404
406 863
228 671
393 64
744 944
967 986
119 88
698 317
9 48
674 802
733 862
363 623
77 737
246 312
655 62
469 23
843 822
402 176
701 460
973 423
498 521
523 664
467 554
708 660
109 161
667 373
909 272
389 893
630 380
758 417
333 810
373 973
532 760
956 988
539 172
291 935
644 865
115 683
29 900
338 374
588 59
586 464
271 377
383 410
166 628
188 148
814 192
11 693
31 830
76 917
516 458
376 27
965 77
491 954
323 793
2 963
722 817
978 456
889 867
27 572
799 202
324 234
931 66
641 428
419 182
25 19
393 599
77 287
427 880
873 448
486 477
567 92
552 683
148 190
650 280
523 107
930 107
118 280
767 666
608 369
167 80
149 453
176 53
981 524
384 762
868 946
198 761
952 493
751 999
972 976
632 597
464 327
601 906
240 286
423 702
170 505
997 500
751 709
316 946
139 971
17 491
273 897
94 235
956 770
408 920
43 539
65 487
639 565
752 359
312 584
709 583
622 684
255 397
700 270
296 92
686 989
10 854
784 817
141 108
986 699
257 599
439 331
259 225
922 931
946 29
219 741
807 345
278 62
597 724
602 890
76 953
348 950
978 285
214 811
14 919
934 740
222 538
786 763
283 946
242 627
495 167
187 222
704 420
542 580
301 810
784 268
555 715
940 903
867 929
440 451
11 157
125 23
918 586
155 886
318 646
615 404
660 245
313 6
314 297
394 321
416 265
683 333
828 786
337 777
411 526
48 708
15 384
328 596
539 778
856 950
854 385
587 518
164 861
209 480
172 748
947 654
844 62
134 560
337 580
251 154
108 257
697 292
568 590
274 431
613 728
227 405
730 292
610 846
826 883
717 61
579 601
702 339
64 133
126 583
42 958
974 689
577 473
174 953
892 726
14 678
878 929
221 482
671 512
904 395
662 973
645 657
426 941
689 993
563 824
269 701
685 951
182 397
755 721
702 968
295 530
757 355
542 529
155 758
395 120
537 439
920 297
666 213
120 199
375 657
980 565
575 48
675 1
180 609
788 352
521 875
629 970
722 28
171 302
454 861
525 575
68 958
430 701
21 480
684 96
778 237
376 527
507 359
625 516
146 627
155 963
172 803
599 900
747 657
492 512
513 271
534 529
259 929
663 39
768 169
313 252
50 812
997 590
371 562
464 368
86 27
901 20
470 277
772 263
956 612
545 155
839 473
550 148
318 186
700 609
205 656
61 953
445 90
304 850
640 544
236 193
221 691
705 78
706 289
544 76
645 322
207 369
10 927
967 347
477 971
494 987
47 329
896 835
329 172
495 539
317 979
546 799
212 255
932 16
666 484
408 396
101 513
412 888
696 48
845 642
67 381
665 784
522 725
215 398
804 185
632 861
629 140
315 476
385 142
480 268
390 409
621 893
693 528
504 358
548 309
310 192
862 941
940 79
667 641
662 340
802 168
367 134
768 702
863 998
24 135
371 752
962 469
67 235
548 634
952 355
756 92
497 186
907 717
254 750
648 971
239 237
513 743
843 856
57 803
815 470
672 326
344 305
471 1000
184 154
268 342
706 99
229 694
92 838
39 693
832 437
463 985
891 914
485 877
406 299
365 455
294 845
98 66
463 846
835 699
123 765
658 160
531 338
312 540
956 989
403 967
295 193
232 346
585 573
892 687
235 116
843 373
202 119
757 231
539 92
387 475
338 375
946 118
895 169
466 467
876 266
438 20
455 905
331 647
463 386
139 328
286 393
417 622
587 402
757 854
330 501
813 392
638 359
605 102
810 970
615 664
998 31
942 312
91 273
310 61
671 28
855 339
588 699
937 930
815 879
465 85
469 618
789 660
336 454
190 417
987 121
461 325
369 258
873 882
56 820
682 936
76 143
631 479
388 787
47 638
933 633
184 88
938 193
815 517
542 455
123 93
285 806
962 263
989 990
796 342
355 62
350 264
948 9
881 26
259 292
805 994
705 788
320 310
989 815
503 287
469 155
865 750
204 920
504 578
226 967
674 664
677 215
644 32
347 928
701 177
244 524
406 279
10 964
139 680
313 217
454 99
916 828
900 635
669 516
691 116
624 49
956 80
762 163
875 128
213 617
785 152
392 200
953 974
548 754
934 571
502 743
421 604
442 370
407 665
357 606
763 567
413 732
509 371
300 818
124 942
594 842
262 370
780 251
966 650
70 479
820 245
331 897
225 390
153 417
82 9
923 709
528 243
128 225
42 939
601 948
68 91
768 817
876 818
271 742
633 43
828 973
388 578
975 654
671 129
233 941
217 560
270 554
404 436
522 243
785 919
660 101
738 913
940 309
103 801
275 46
441 794
995 479
578 301
445 994
932 443
108 604
218 172
695 594
511 609
939 132
282 641
156 234
566 421
290 608
661 607
331 84
739 851
481 551
857 188
569 240
678 946
181 762
28 67
401 55
807 747
611 506
169 19
908 514
602 283
344 7
683 566
869 783
814 287
687 23
249 127
1 516
398 518
519 958
810 590
482 911
925 783
32 578
221 18
339 324
852 436
33 772
729 823
228 737
150 488
55 28
636 790
853 959
231 895
396 656
626 671
788 754
774 453
22 318
82 493
870 18
764 753
859 878
254 823
28 166
721 706
984 800
270 663
942 721
845 801
572 639
573 786
543 430
646 941
522 151
881 806
195 453
777 294
996 177
872 511
18 457
459 217
280 500
212 397
12 923
694 731
207 448
510 936
593 468
852 711
341 70
677 572
513 523
716 22
129 465
259 751
594 30
961 473
869 752
302 595
861 672
751 764
700 610
8 60
725 401
1000 752
454 137
705 77
192 952
726 805
804 663
696 376
571 868
65 719
248 639
840 98
230 563
483 584
322 678
434 121
52 579
224 504
795 493
10 879
321 614
73 533
140 369
226 218
610 36
595 328
44 578
28 619
784 905
396 861
687 265
851 610
424 890
732 789
788 551
770 502
2 876
21 176
817 406
157 560
712 857
529 901
793 56
43 425
310 784
319 268
432 224
97 879
12 635
659 528
220 758
794 517
998 301
855 428
307 746
949 167
366 75
521 608
684 212
74 818
497 185
977 247
579 428
392 315
104 101
584 303
848 100
207 867
890 547
910 332
12 959
242 350
373 568
694 598
75 386
424 650
367 682
879 831
66 195
333 354
114 759
79 635
248 701
355 227
504 551
720 246
621 4
71 231
772 26
309 888
208 527
246 75
377 392
467 58
18 631
572 447
865 419
317 788
65 315
526 472
710 341
602 578
144 236
45 746
376 319
999 873
946 119
675 527
982 921
75 607
315 734
540 419
546 800
654 431
468 390
732 987
291 135
864 323
495 943
867 600
836 937
124 907
106 138
862 314
359 178
482 665
448 617
76 225
968 368
676 897
879 634
845 566
569 972
123 163
36 439
510 330
977 279
380 818
276 117
426 422
63 815
85 739
159 472
68 315
384 990
367 165
996 363
851 616
559 795
217 580
586 184
609 558
441 908
759 532
885 841
138 852
693 134
311 815
132 394
751 110
759 645
393 98
790 38
677 658
843 758
57 205
919 693
756 585
423 778
134 443
51 491
694 643
878 476
419 931
204 187
170 487
136 171
262 543
321 113
285 982
290 972
972 176
956 557
4 98
273 903
978 411
829 394
170 281
445 192
646 588
84 384
990 935
386 849
895 263
242 446
429 909
140 320
217 614
107 255
553 489
101 789
66 632
782 802
756 255
366 951
127 65
576 181
939 773
726 591
123 998
953 973
553 139
316 359
656 140
362 229
608 757
992 788
511 452
462 184
210 945
750 847
590 692
37 540
441 387
796 735
528 101
487 529
58 508
851 185
874 122
802 783
21 413
290 219
77 257
794 347
214 634
305 446
275 579
910 968
34 71
932 636
518 253
20 961
445 543
906 19
417 38
661 267
534 523
725 952
119 345
888 857
109 291
110 4
468 984
294 383
354 458
264 830
856 952
752 761
159 867
735 384
863 735
404 695
818 700
694 623
492 339
682 175
299 757
999 668
986 857
364 917
411 76
138 652
431 1
568 57
472 78
478 36
299 915
874 873
670 678
140 405
804 636
967 480
737 567
256 974
296 171
369 587
118 78
265 626
144 879
986 746
149 530
739 494
335 507
197 486
71 461
473 582
296 969
798 227
286 548
589 267
434 875
736 471
735 651
268 300
832 954
942 51
653 132
358 138
912 2
362 217
609 200
296 743
971 669
832 856
413 961
350 746
452 121
695 47
576 869
139 113
180 611
272 542
550 833
872 358
971 825
835 122
591 268
760 776
689 316
637 94
33 304
252 188
163 597
883 793
902 56
669 323
176 472
214 352
109 374
200 430
77 920
149 507
958 867
206 708
725 604
738 898
247 488
211 859
582 867
533 357
264 699
543 604
583 547
431 342
933 560
865 986
403 497
759 482
136 148
583 688
269 424
678 844
488 57
117 558
411 955
714 560
221 512
536 964
612 309
354 163
193 231
229 737
621 31
882 717
55 945
855 642
625 181
679 592
113 409
648 508
320 29
947 168
87 997
326 103
588 654
129 794
353 219
740 977
359 485
568 674
952 705
349 15
813 640
653 87
451 579
285 140
982 786
176 858
201 249
609 212
383 705
16 194
30 86
988 136
607 694
556 452
561 474
893 773
642 189
224 136
607 711
928 786
121 524
343 405
290 3
63 778
712 56
106 363
889 640
29 791
234 567
881 560
95 522
868 778
678 575
401 545
788 203
76 357
574 764
32 259
787 405
128 278
203 874
474 286
704 985
501 500
292 918
38 184
123 32
70 617
381 847
570 323
535 977
347 696
494 441
612 228
796 431
191 507
393 432
657 931
341 458
843 952
762 824
104 359
450 722
53 631
75 227
330 716
459 768
778 948
175 196
30 857
235 985
109 960
536 766
645 420
269 639
575 551
187 167
579 672
933 834
53 777
883 770
482 672
577 391
5 918
637 783
583 361
550 370
843 452
554 625
81 669
715 654
379 671
922 952
481 244
923 477
982 888
568 924
879 532
127 787
183 29
921 172
617 541
848 740
641 317
36 289
993 770
710 650
906 651
628 474
33 557
680 468
208 469
813 168
172 48
990 798
323 932
908 311
324 395
842 584
501 993
286 75
159 475
436 892
837 580
424 94
275 423
430 655
882 254
504 587
760 542
797 103
800 693
513 230
25 895
40 746
147 78
667 696
378 272
311 804
94 460
95 925
901 106
138 518
468 769
838 590
758 273
425 67
479 272
338 676
925 662
620 274
895 920
81 221
900 436
593 590
776 250
117 312
745 999
100 554
984 125
515 791
771 417
593 991
389 730
340 392
417 957
986 646
164 222
809 135
277 409
945 455
28 573
896 781
288 658
478 389
979 160
391 374
693 914
909 245
128 598
535 159
331 677
667 783
232 650
334 503
172 502
585 27
141 557
733 179
475 175
828 745
104 595
840 167
769 253
861 367
845 938
628 14
258 634
78 107
560 806
593 811
11 158
655 665
312 495
862 875
976 950
889 719
567 466
402 672
590 113
171 485
320 848
259 132
229 167
655 959
198 830
290 301
534 520
850 693
172 969
446 184
659 297
419 864
591 766
902 895
523 374
337 671
857 480
347 450
920 682
815 539
392 67
360 855
476 841
424 692
540 770
377 756
765 537
273 977
956 562
467 487
18 935
806 84
576 581
297 100
544 35
467 51
978 563
795 146
407 104
230 533
515 883
884 561
706 762
827 914
184 656
761 112
882 4
830 523
865 196
50 201
857 751
822 619
577 760
53 135
16 72
735 539
847 125
32 686
175 560
414 280
400 838
699 442
167 576
666 161
633 178
814 985
193 785
901 955
810 896
650 765
873 268
416 8
366 851
917 65
27 93
703 624
427 957
90 913
381 174
897 189
664 160
977 495
725 889
979 617
103 609
72 267
78 353
81 67
375 801
824 405
551 866
534 532
719 536
208 74
81 476
198 693
147 25
593 441
759 332
417 433
263 663
947 638
983 260
808 792
153 84
242 312
939 226
977 939
436 360
592 14
960 610
796 408
669 902
943 347
284 164
506 500
640 692
950 913
476 732
369 788
978 890
52 815
752 396
91 707
222 123
350 76
758 345
812 801
482 220
528 964
795 933
35 596
297 209
886 61
256 65
32 898
641 788
71 291
263 29
994 210
776 257
187 181
377 204
70 89
988 500
961 948
726 628
162 531
409 122
709 463
89 994
81 594
430 915
953 742
516 752
171 609
229 315
980 485
435 936
223 797
205 258
41 997
105 118
451 158
90 962
253 22
901 544
793 175
755 125
495 446
742 853
154 738
547 841
17 822
815 643
298 809
704 828
46 747
817 499
621 557
413 488
52 344
756 704
165 118
267 623
539 577
898 775
237 70
554 280
510 970
152 895
812 592
541 14
584 829
229 546
325 675
825 299
920 529
544 397
1 902
735 249
437 934
320 940
955 193
654 944
910 31
643 480
386 843
960 364
782 981
696 278
36 799
794 722
679 631
520 196
689 755
264 386
835 845
140 301
204 676
870 525
396 22
753 581
224 373
776 396
245 417
525 47
656 162
106 889
268 216
417 754
788 999
790 189
792 884
563 885
819 671
965 672
475 469
292 805
135 718
872 863
245 707
177 99
555 850
992 104
573 517
818 492
33 556
380 733
182 79
615 287
194 537
836 216
33 669
287 768
756 407
445 648
615 364
216 880
25 619
771 732
423 81
635 703
998 463
391 759
287 550
695 421
823 656
60 912
426 198
686 664
621 529
893 364
273 569
536 65
366 468
596 945
906 351
138 805
271 67
739 939
460 184
872 72
411 836
378 273
839 380
416 62
20 432
852 761
120 775
321 119
998 779
56 388
754 231
691 848
309 792
647 906
344 447
643 591
271 406
645 229
210 850
755 370
451 990
417 817
216 121
269 209
168 184
991 500
107 241
731 987
218 698
38 353
638 760
366 506
305 790
343 826
255 30
687 237
140 160
782 723
162 1000
550 671
607 491
59 193
791 202
926 521
840 458
659 910
287 49
399 651
701 739
462 41
28 883
289 565
549 447
258 712
866 533
353 718
233 112
729 795
508 302
290 217
789 241
556 284
158 960
281 790
20 929
827 275
16 696
399 335
275 341
612 746
593 754
998 491
980 866
251 850
343 154
265 248
543 725
932 860
575 196
744 192
821 68
878 15
186 973
759 280
961 321
503 222
426 742
604 747
199 193
421 199
313 454
578 458
818 605
398 201
63 369
57 969
386 529
648 228
167 436
360 630
597 373
297 729
368 33
792 643
151 128
833 41
749 146
571 861
222 47
922 737
445 276
16 284
969 650
492 253
66 602
342 759
92 734
380 496
500 171
984 376
378 715
72 914
975 186
813 299
396 429
531 109
2 20
951 780
768 579
767 181
783 944
509 133
183 68
478 811
978 396
159 239
641 356
243 129
864 107
993 841
296 519
850 82
428 252
67 324
111 919
183 362
754 379
171 290
529 298
779 35
836 16
604 20
417 230
58 240
646 785
773 819
632 213
228 800
584 88
517 524
612 654
599 896
142 707
368 562
556 949
59 631
875 512
119 319
198 682
220 930
539 746
777 177
336 175
62 303
639 949
289 383
916 716
864 757
518 392
556 731
705 695
360 948
752 630
143 509
184 130
152 928
49 772
566 567
680 610
108 25
350 162
94 668
744 873
820 390
911 873
146 213
19 417
978 778
61 38
890 206
651 35
817 298
634 203
945 893
657 112
895 800
584 11
102 742
398 630
457 410
135 513
987 774
624 124
365 658
663 47
921 436
315 133
231 41
178 439
990 104
939 670
940 519
478 578
746 818
31 214
714 468
172 177
4 278
64 673
11 297
233 302
931 941
14 851
932 498
77 485
258 257
41 663
423 334
82 460
603 658
451 129
589 411
628 71
132 748
427 920
56 574
608 251
718 112
920 39
685 793
725 796
711 793
244 965
508 52
720 372
424 817
595 596
65 545
228 171
284 709
357 265
622 383
734 853
1000 19
640 452
937 518
510 888
242 202
794 853
85 256
514 413
207 797
616 82
726 11
749 170
346 719
536 947
77 621
960 591
692 586
598 49
601 851
72 627
485 792
820 410
93 424
184 508
888 912
481 334
133 461
778 946
505 64
821 47
584 777
235 987
148 946
926 918
575 545
616 558
201 116
801 748
325 230
221 437
960 11
948 169
891 613
620 93
13 393
594 517
258 80
371 457
316 350
541 659
508 694
30 346
107 336
907 489
91 471
615 56
339 261
620 914
694 393
42 800
952 709
996 673
155 704
837 415
140 705
676 787
698 823
326 668
828 694
43 406
315 365
873 459
871 880
837 288
768 809
972 521
111 975
96 380
774 275
154 596
129 670
803 353
327 615
474 425
57 391
310 851
749 942
6 56
930 100
968 783
492 565
44 373
833 663
545 283
455 807
986 447
163 764
574 989
167 220
460 42
331 797
872 58
411 726
428 520
350 969
904 373
8 266
284 463
565 106
16 222
111 496
392 56
85 149
416 942
753 75
200 853
170 373
657 909
506 45
746 913
304 798
875 457
731 941
678 116
511 909
95 194
960 329
689 653
638 883
819 62
822 867
277 566
279 136
652 486
356 781
284 173
179 780
313 982
228 518
84 919
585 942
960 889
352 455
533 583
239 602
644 608
480 123
98 678
979 19
407 522
746 778
283 536
921 880
418 801
182 270
720 865
556 511
200 63
456 67
918 877
707 522
135 13
600 634
179 459
653 379
660 412
533 138
898 281
718 142
423 278
171 313
211 584
983 830
238 371
609 365
827 274
702 642
395 451
462 379
29 812
157 279
358 696
768 932
567 300
630 928
725 581
7 906
531 756
255 778
591 359
170 164
523 360
191 656
229 903
587 573
164 858
938 161
375 18
968 664
899 534
536 892
924 227
49 799
298 743
929 787
695 844
445 49
626 158
624 870
554 243
387 232
958 273
139 891
454 48
681 140
882 567
395 546
692 788
622 589
952 953
148 874
810 443
672 328
903 870
93 178
938 519
62 663
525 229
417 712
126 298
115 535
421 636
61 453
524 803
121 170
529 883
206 365
483 936
10 568
659 941
605 57
883 395
211 262
140 826
881 862
166 994
280 909
590 84
319 276
466 840
84 623
215 991
590 945
917 79
280 60
832 633
620 760
694 147
565 783
183 410
629 582
78 244
355 593
804 291
612 655
974 306
372 576
56 769
741 126
321 355
860 604
110 39
94 616
5 217
545 444
394 576
323 442
821 167
180 81
18 709
401 356
834 978
797 222
138 589
658 260
967 786
803 885
787 88
242 393
608 638
298 375
29 485
810 234
903 955
886 785
378 40
674 621
648 623
290 866
790 619
668 115
762 914
504 638
490 689
862 169
978 922
598 359
175 146
413 205
993 495
662 640
829 145
524 737
781 14
912 323
413 755
434 955
553 183
883 728
960 95
64 388
410 176
547 465
966 421
797 77
491 839
364 463
325 7
19 860
11 718
866 777
760 508
795 271
763 755
88 441
804 87
498 822
280 715
357 995
102 351
37 721
849 587
625 548
157 445
285 360
72 75
949 413
702 715
278 551
176 153
195 135
215 88
401 772
152 82
239 395
525 943
414 822
436 778
788 103
314 490
631 271
849 471
56 797
682 945
955 623
61 532
388 804
372 715
130 879
481 897
320 513
759 465
369 212
526 864
138 609
982 102
164 737
660 750
186 885
557 802
216 240
913 318
201 636
517 436
388 376
762 839
959 995
670 594
530 193
217 202
536 594
235 986
435 793
231 366
457 437
23 98
80 860
465 994
581 436
643 537
672 775
272 14
681 486
828 115
390 562
211 115
799 402
802 658
657 381
987 658
132 904
452 87
131 850
281 97
658 609
861 102
910 124
941 206
67 737
141 518
326 514
374 197
115 237
352 137
923 764
339 501
234 229
16 944
498 302
633 473
319 300
710 567
159 311
275 714
93 559
462 284
45 332
632 48
394 196
766 238
595 898
548 235
393 900
285 110
622 425
755 200
988 491
356 570
603 12
750 461
398 294
271 988
988 578
4 697
544 606
216 575
17 562
694 788
734 961
458 580
410 693
636 35
531 953
754 146
293 278
259 666
798 737
378 142
380 464
311 854
437 535
873 689
200 933
956 664
351 198
333 887
961 54
1 785
511 908
810 309
782 951
531 373
770 967
972 636
720 493
982 590
415 347
108 223
148 710
331 632
776 475
376 351
583 334
92 363
221 9
918 401
230 473
16 111
935 886
970 883
352 38
283 904
965 188
568 810
55 420
276 311
594 214
576 373
704 442
249 531
971 896
993 924
335 581
677 956
613 792
876 815
272 581
238 368
279 898
820 586
453 667
259 826
906 31
906 33
73 904
954 771
169 713
439 713
800 613
674 130
808 912
474 172
241 239
703 29
747 969
142 775
381 715
21 906
316 526
190 51
262 620
601 506
564 228
530 468
911 113
125 710
402 99
958 52
796 439
299 745
105 682
714 536
161 648
950 904
627 557
114 680
242 501
652 726
856 329
692 247
926 210
252 574
368 35
259 404
947 363
118 211
875 436
982 648
906 176
930 815
331 731
982 763
917 936
832 144
178 433
999 860
676 176
508 793
537 637
22 247
297 404
689 906
248 326
746 589
836 564
396 472
932 250
496 564
961 606
871 503
35 249
898 41
956 872
3 343
478 759
724 235
282 258
176 769
260 501
250 638
90 715
304 895
483 824
637 647
653 354
468 174
620 987
949 571
589 612
182 154
345 128
721 692
940 978
723 418
447 290
103 444
766 68
253 15
201 396
366 854
337 60
12 588
231 600
220 751
405 907
9 466
245 844
504 100
859 960
337 990
85 520
234 622
255 856
684 762
712 333
34 841
181 918
683 60
351 346
906 277
134 629
379 5
952 427
593 463
868 199
645 25
192 671
299 725
247 187
175 340
752 455
622 960
237 385
536 968
813 824
118 140
744 875
49 907
601 230
764 374
527 138
986 936
625 216
535 687
661 848
666 554
761 488
799 778
359 259
734 469
772 178
499 900
890 63
965 687
735 943
808 230
779 935
687 54
14 117
31 946
378 890
879 798
182 570
74 147
292 46
163 113
505 373
235 172
625 612
917 686
274 992
370 653
866 774
405 378
44 462
724 152
853 636
831 889
903 284
483 967
673 265
90 687
861 434
758 570
372 311
525 379
984 995
328 71
236 816
902 367
686 310
124 689
675 35
715 802
183 328
955 275
888 238
716 540
788 497
581 903
315 545
634 833
29 787
33 464
252 220
436 779
554 249
526 724
673 800
765 410
416 311
255 892
769 373
440 445
646 29
703 964
150 972
55 331
103 235
397 561
167 139
63 458
856 628
322 80
985 272
656 848
949 501
199 250
919 541
295 270
263 773
583 656
436 22
165 311
539 534
40 809
27 314
48 895
69 683
108 327
716 134
19 334
956 757
759 960
51 986
936 377
886 237
580 53
238 672
218 692
338 478
714 133
214 479
5 914
838 34
842 33
473 642
718 756
3 241
705 511
173 321
232 771
411 377
571 48
382 201
510 2
883 548
814 58
325 407
754 732
254 150
292 951
22 264
465 957
45 169
68 222
486 325
413 863
932 359
861 263
516 870
24 348
885 385
773 571
319 303
621 859
713 272
966 578
20 904
793 136
967 802
673 994
431 982
887 653
327 609
20 127
721 926
977 52
595 901
264 553
197 883
488 7
694 971
256 157
722 256
891 411
618 689
323 343
588 473
830 362
359 822
91 832
679 67
938 203
21 629
541 126
561 608
750 44
369 247
924 153
104 356
288 123
967 213
532 470
492 251
790 822
38 43
520 310
939 444
748 399
400 500
588 925
806 44
402 286
39 599
460 488
86 406
435 154
336 242
9 364
305 698
657 173
804 724
628 944
886 120
282 154
109 670
558 782
466 286
272 107
770 230
255 232
918 406
386 255
760 454
942 24
525 80
698 516
715 686
20 616
439 102
6 591
289 601
658 578
36 242
55 54
168 458
847 10
685 155
797 993
616 968
945 54
822 348
589 639
55 134
258 711
617 654
504 337
12 474
932 667
71 953
663 533
206 928
867 934
143 67
765 143
909 693
323 755
37 970
422 584
137 712
229 82
959 198
360 415
547 949
234 504
327 581
350 766
186 263
815 848
859 20
455 136
591 597
828 809
498 132
731 94
507 143
401 493
850 576
151 627
161 429
327 504
460 223
134 408
835 317
85 198
360 859
161 286
768 482
494 507
520 323
104 320
674 980
900 118
60 507
70 708
75 222
149 985
386 671
667 306
412 687
602 496
655 110
210 586
856 104
587 200
224 466
956 899
938 626
27 945
804 351
550 303
218 780
496 678
528 265
800 494
948 734
64 297
106 188
785 271
572 49
899 259
633 197
118 527
301 101
451 392
676 119
96 208
516 536
477 420
775 893
82 84
874 200
202 589
900 782
704 391
926 266
710 749
77 288
152 201
392 600
46 549
965 433
694 145
110 344
510 534
754 358
872 711
790 343
323 241
470 864
162 145
56 916
661 185
672 56
172 794
215 916
950 297
708 779
893 273
713 667
329 942
474 129
26 982
812 729
405 733
725 712
980 654
726 371
674 790
494 311
189 283
209 453
730 225
415 841
752 617
790 783
517 205
277 936
459 61
830 28
208 763
942 954
454 199
472 128
606 487
164 606
365 331
960 661
557 845
890 346
963 522
711 152
551 307
922 593
423 700
799 757
378 921
786 384
990 96
57 708
331 293
959 687
966 249
718 878
331 434
957 474
598 468
356 967
231 213
804 371
823 433
187 339
171 822
335 75
546 790
748 464
398 663
2 68
836 947
709 459
358 171
965 81
533 637
974 115
922 132
15 879
344 724
275 978
93 807
296 599
996 648
873 323
966 724
440 514
367 425
560 787
245 525
176 12
561 850
646 865
993 987
578 939
816 124
817 277
871 990
74 32
76 444
560 113
428 257
780 622
768 110
436 788
256 178
791 7
595 601
890 843
856 855
416 328
513 990
850 727
4 711
21 751
246 534
137 482
263 614
738 52
844 159
631 353
648 308
284 486
899 707
540 354
136 181
872 255
673 498
365 158
352 771
441 983
338 810
834 167
304 998
854 162
530 172
568 7
578 656
326 267
751 542
130 574
517 434
133 441
173 764
869 623
472 11
625 251
79 758
795 161
83 755
11 485
182 741
535 291
204 593
758 40
338 479
800 328
32 930
841 396
416 577
130 499
52 322
329 113
296 902
188 172
889 9
182 438
366 723
839 904
337 447
728 824
766 336
657 268
296 676
941 204
581 101
250 695
988 105
883 325
870 693
229 347
987 291
236 789
21 79
833 985
813 163
267 716
102 938
569 583
271 651
392 528
300 393
917 246
812 492
391 755
641 252
703 874
336 76
669 262
908 476
671 456
730 788
930 210
473 357
695 470
534 976
459 278
522 56
838 790
217 872
308 81
626 244
242 237
942 784
82 898
360 864
604 515
902 950
359 535
269 491
677 510
949 377
660 652
691 257
167 396
406 716
853 157
985 13
17 483
679 305
866 280
959 513
587 94
192 998
566 796
130 292
815 55
585 962
123 527
306 37
969 355
217 454
396 671
827 909
518 747
23 128
654 482
163 261
202 485
668 156
985 477
316 381
762 285
429 58
123 877
641 626
164 513
443 98
946 474
690 481
672 636
343 645
714 491
550 637
412 450
77 473
137 924
637 737
395 84
110 611
400 750
963 389
169 232
921 60
777 643
750 947
676 818
879 277
32 155
257 388
828 597
599 666
68 184
567 440
73 684
567 31
664 841
112 902
756 503
498 419
559 852
229 81
160 568
358 703
34 65
950 467
185 219
389 627
669 377
232 218
208 99
681 504
12 799
879 201
807 92
20 370
114 117
741 168
63 444
526 572
289 780
311 918
94 514
90 365
899 539
133 785
576 700
597 346
857 863
329 636
535 532
342 555
388 419
355 208
999 747
247 838
624 743
200 963
865 515
710 501
602 738
252 970
222 19
957 68
550 477
643 333
607 80
331 393
648 341
923 205
546 896
999 862
415 313
463 144
106 810
839 966
26 261
511 273
32 889
888 280
631 544
266 570
936 142
644 583
404 940
956 337
851 125
905 949
937 447
654 536
755 729
537 270
228 639
76 504
873 358
949 569
695 37
884 98
222 649
150 506
941 421
444 643
907 29
799 27
513 166
612 596
349 538
69 332
957 859
262 941
717 271
380 821
794 552
778 149
176 302
842 796
574 635
461 162
935 183
289 17
792 184
190 243
962 376
160 802
323 302
786 938
56 243
897 451
920 796
316 701
885 956
355 897
233 573
204 404
716 446
47 659
155 662
587 683
56 465
929 190
649 92
557 827
227 40
709 852
835 425
412 494
550 140
327 253
433 267
808 458
950 773
501 171
710 465
701 242
815 126
563 209
508 968
550 505
221 429
408 758
840 767
390 954
338 395
465 608
865 378
153 806
49 353
801 806
291 144
140 56
97 65
562 13
755 516
634 651
672 932
323 656
231 779
90 685
966 698
913 981
680 367
6 935
707 566
745 399
139 2
289 753
861 289
257 83
849 473
74 831
466 811
765 197
824 745
833 395
435 988
741 243
3 736
618 441
485 110
219 30
202 832
857 61
542 166
979 520
649 451
569 260
471 444
295 114
388 912
63 22
47 765
363 824
932 769
310 917
659 243
976 145
780 5
520 528
944 674
916 381
830 479
583 765
724 890
61 755
777 34
123 38
450 778
126 971
765 332
610 556
757 683
756 786
452 51
364 987
950 886
824 124
558 679
796 104
412 353
715 120
202 157
610 533
819 611
705 34
541 476
579 537
644 987
717 699
277 542
482 876
305 749
892 679
179 820
2 263
774 937
919 48
334 592
537 571
540 442
654 438
371 104
434 813
55 191
934 614
224 249
900 530
975 126
558 210
107 340
770 34
510 147
476 7
477 378
726 920
804 197
755 657
183 136
833 136
101 271
485 500
124 608
968 454
841 856
769 235
224 950
479 626
970 454
195 215
267 194
620 684
845 785
828 545
409 359
928 675
565 690
582 624
713 487
567 109
845 226
653 696
59 725
918 679
595 903
773 470
133 951
426 195
65 513
105 256
778 776
356 151
927 738
677 667
243 947
498 832
482 349
493 657
485 582
363 578
713 803
271 255
809 700
702 177
579 838
138 512
769 994
511 683
937 256
796 477
710 639
302 402
312 595
749 27
472 121
365 274
520 391
259 445
288 347
623 631
365 419
761 422
961 164
501 99
726 868
415 695
40 187
946 936
190 545
999 821
940 240
629 264
386 74
648 265
960 107
366 234
173 274
856 172
92 358
740 870
45 856
616 812
211 16
250 502
514 225
736 433
440 878
737 1000
486 5
841 26
549 297
970 894
81 925
908 440
548 151
144 341
54 968
223 963
561 484
154 914
29 518
249 528
638 26
736 14
662 378
358 301
949 966
318 655
870 328
125 159
767 720
290 436
733 960
756 359
150 680
523 142
719 595
91 180
746 349
105 339
414 781
620 5
441 945
171 104
445 905
906 237
467 945
232 106
532 39
988 545
265 172
576 142
193 415
24 251
321 308
195 271
459 130
708 567
105 542
622 21
386 37
462 889
734 706
19 283
592 183
313 570
423 517
925 707
123 351
549 855
4 220
118 214
117 834
984 176
583 120
450 532
773 672
387 125
177 966
838 334
731 826
970 222
376 413
593 829
334 537
687 31
433 376
145 332
24 939
991 757
204 745
297 409
904 655
301 321
340 281
54 539
828 54
960 230
705 516
486 86
268 157
110 802
336 939
927 435
962 770
814 995
324 43
755 841
438 55
811 555
611 749
690 740
413 843
131 693
816 82
871 948
547 962
380 881
534 716
276 695
974 391
209 127
561 226
465 149
637 87
87 122
270 526
807 285
510 615
133 894
445 572
121 964
177 618
217 645
270 441
933 711
788 62
807 242
105 530
6 407
797 440
47 585
357 353
109 256
543 581
32 365
17 767
214 859
776 744
464 760
337 526
887 826
498 539
544 359
799 977
657 952
786 220
473 239
365 329
557 843
691 361
711 154
887 785
812 799
942 666
374 424
184 596
440 937
978 918
912 296
396 153
273 354
849 899
758 125
601 885
409 290
762 112
871 310
636 665
374 801
179 840
743 376
937 368
598 581
957 698
947 508
733 467
292 783
477 277
262 419
223 906
962 870
479 685
625 933
457 571
408 81
446 663
253 385
385 758
788 508
826 43
782 77
955 389
171 402
617 102
484 171
525 939
323 239
291 594
262 894
623 41
493 180
213 147
198 651
604 906
66 57
928 324
433 794
289 286
773 36
40 531
668 141
374 234
658 503
342 884
720 77
264 170
265 759
216 99
770 588
240 89
888 287
114 638
939 627
136 356
134 787
467 274
468 57
658 153
566 822
737 624
45 593
605 441
142 425
550 282
292 510
723 946
836 755
122 311
309 797
255 241
230 305
413 719
715 647
93 103
168 322
552 973
716 544
67 596
358 85
141 433
875 289
590 672
718 405
899 349
3 400
98 526
727 601
139 208
605 125
409 573
112 702
646 545
723 494
45 166
319 475
231 703
107 629
23 659
104 653
432 132
819 816
401 843
720 567
996 396
894 295
473 536
608 156
337 906
319 14
747 707
161 164
381 449
901 288
349 867
544 995
691 884
414 929
642 732
310 630
892 752
426 83
138 815
506 741
677 666
593 196
493 41
310 737
829 591
800 827
715 265
639 840
144 703
531 957
136 164
553 533
620 80
935 167
972 806
960 561
248 771
617 414
543 930
527 41
324 852
678 911
807 873
386 519
730 342
287 406
919 256
333 883
49 976
491 455
494 702
188 509
10 973
928 452
725 194
782 955
235 954
127 248
352 766
424 27
615 361
317 816
32 960
397 248
515 941
939 893
500 349
46 225
853 735
641 967
888 766
540 415
500 204
27 756
727 799
88 454
399 864
602 935
535 148
556 820
540 596
885 26
110 758
366 604
42 894
79 185
488 938
399 518
537 417
223 962
314 106
21 618
159 134
642 892
404 95
25 870
508 155
131 675
445 678
465 168
90 823
162 136
953 371
294 405
836 472
747 687
859 105
650 4
273 869
1000 193
764 170
929 91
103 856
87 183
440 120
976 90
81 378
146 438
876 540
973 504
275 166
427 419
450 960
24 176
18 252
682 151
579 805
122 824
105 686
180 152
199 76
493 815
442 835
740 368
134 697
374 210
907 891
443 599
613 607
27 148
834 284
803 191
675 768
947 39
674 693
342 559
222 17
11 934
562 690
501 70
728 182
434 1
992 635
918 343
369 732
756 104
945 395
670 840
625 483
365 680
519 945
540 332
658 899
1 396
774 769
900 424
961 594
233 427
378 580
442 217
832 801
871 64
474 689
167 811
343 683
788 532
940 831
194 697
103 299
287 928
695 39
897 916
494 174
301 785
335 948
957 154
301 772
984 954
182 91
935 709
811 955
906 866
376 938
548 278
110 351
368 842
183 401
462 344
154 649
552 721
489 286
151 866
256 169
220 666
44 888
183 365
858 276
198 797
414 878
204 390
521 476
445 940
318 394
301 712
506 682
604 935
623 133
937 556
833 451
579 227
941 449
569 57
422 512
772 378
61 749
192 612
484 756
677 547
972 97
574 949
702 78
143 360
695 943
683 973
616 282
191 604
817 997
105 795
296 224
206 89
502 146
556 39
52 677
420 129
458 92
421 424
830 972
724 343
140 256
930 958
532 862
576 838
758 114
425 702
446 836
840 731
364 437
447 25
340 318
378 745
753 769
606 945
218 926
316 295
488 708
992 212
476 61
629 225
975 21
813 410
745 508
248 68
211 440
943 619
12 191
215 384
641 297
864 414
497 667
187 163
279 627
87 29
429 290
318 357
510 343
628 478
7 5
779 500
781 201
452 212
920 190
349 636
506 893
158 2
16 631
845 252
883 57
472 319
445 750
764 780
980 817
160 610
824 457
111 151
976 772
12 697
260 711
566 169
755 352
518 76
557 490
560 338
688 359
104 110
952 476
654 311
989 863
368 571
833 431
427 346
925 503
873 958
584 679
678 785
610 699
60 600
164 957
597 431
834 51
854 54
658 357
520 286
242 422
869 539
590 223
873 728
217 92
805 355
146 160
238 586
296 333
369 809
425 111
429 527
835 532
620 294
265 889
877 145
550 57
365 445
210 638
248 565
598 277
307 508
98 459
454 713
210 529
799 635
17 183
53 785
348 647
224 413
22 192
154 504
729 324
857 703
914 462
11 686
895 32
951 370
93 102
506 751
295 750
315 857
723 147
486 31
966 277
71 691
112 544
809 478
405 11
262 396
62 946
340 560
929 965
708 379
620 543
396 593
777 678
530 918
68 105
513 236
626 559
185 719
115 14
959 283
211 547
2 538
119 479
289 110
287 559
423 223
604 353
506 627
859 691
18 146
244 11
536 247
664 300
259 624
497 45
578 334
726 190
507 244
569 113
75 456
973 495
26 700
30 624
532 466
19 257
406 707
815 365
818 515
856 370
32 116
985 18
606 418
136 803
717 635
900 45
792 686
903 131
852 998
319 712
535 723
546 172
429 900
624 612
990 63
114 353
841 429
914 878
787 595
718 677
956 106
630 113
705 302
745 777
784 955
714 52
456 284
883 663
761 119
507 815
339 201
874 17
365 997
538 233
576 428
204 742
563 854
470 668
382 120
294 979
150 354
978 419
889 772
373 411
46 307
448 590
840 320
732 214
434 867
98 898
489 7
382 346
665 4
828 592
78 115
764 381
493 456
594 501
129 598
656 720
508 11
976 550
110 307
485 309
379 286
566 230
270 419
931 423
683 326
629 654
195 352
328 607
113 991
259 991
422 441
191 244
216 480
380 275
37 94
422 8
317 318
449 110
692 478
956 603
977 976
344 499
819 193
15 216
570 545
276 692
835 607
182 902
240 19
386 667
758 373
853 47
361 801
359 282
342 556
311 599
94 93
973 838
297 253
136 317
448 127
13 233
785 80
235 921
576 986
369 723
776 365
382 924
709 689
196 516
515 904
850 879
667 197
465 557
727 845
726 608
714 40
669 607
349 83
867 522
881 390
823 837
624 309
241 919
383 724
149 876
941 128
102 132
919 906
913 615
873 249
776 681
390 281
29 631
447 728
395 117
894 51
306 520
950 225
440 618
758 578
309 264
34 455
906 986
599 699
376 939
711 925
163 975
238 273
720 496
612 550
975 628
727 215
413 107
72 307
720 399
641 198
