844 1005
593 389
22 57
431 813
433 231
566 347
820 180
309 306
195 552
466 829
164 828
339 141
170 130
560 241
348 434
512 783
782 563
535 54
790 556
11 579
828 437
254 572
91 356
748 267
385 717
341 529
2 295
369 306
285 135
607 359
813 56
781 580
40 352
213 2
245 541
360 691
448 16
371 780
177 57
421 640
367 46
672 706
94 13
538 18
580 365
291 601
149 58
595 230
134 527
581 396
448 792
337 756
213 432
612 504
197 278
767 835
10 598
517 605
295 468
692 730
502 258
273 233
448 367
431 94
425 355
105 73
743 626
564 650
154 485
371 3
418 271
324 2
588 73
460 744
717 742
203 714
597 103
677 170
101 677
97 108
517 555
178 728
562 741
392 748
175 202
798 28
488 616
3 764
525 29
253 248
543 793
766 415
287 254
322 91
349 645
148 592
287 700
477 156
476 497
199 10
137 47
511 243
497 640
173 19
593 404
219 258
616 250
523 330
490 324
802 681
263 627
607 371
500 276
169 214
619 381
759 309
346 193
636 32
299 47
369 784
760 384
2 91
567 455
168 367
123 486
522 549
381 532
518 796
408 240
116 382
102 119
129 467
447 440
282 177
485 252
798 649
507 758
660 176
693 142
70 740
504 19
701 455
94 238
811 63
349 437
570 421
381 832
270 411
496 379
378 761
490 791
150 412
422 602
375 178
496 140
544 118
365 663
766 320
588 2
372 767
475 313
795 172
52 542
532 491
561 639
515 690
134 661
298 93
644 532
400 45
274 204
355 632
72 792
570 436
552 599
291 670
311 707
792 248
684 497
311 839
417 331
297 359
353 642
822 248
18 834
482 770
819 699
661 452
726 754
204 49
249 790
800 342
485 735
662 567
140 731
112 246
365 377
743 440
645 206
101 533
221 398
674 344
513 607
11 307
18 63
713 246
731 224
351 646
620 545
347 251
540 171
500 711
1 602
793 106
784 765
206 70
798 555
60 207
374 610
99 380
143 10
619 111
391 725
226 603
681 377
343 50
733 354
573 7
822 589
736 555
604 521
562 221
610 247
555 87
152 610
787 374
730 74
393 254
750 9
392 233
433 92
486 612
632 817
691 457
700 796
153 570
186 133
811 273
233 474
651 71
450 573
58 526
386 732
453 600
278 588
216 731
811 73
672 45
801 40
722 669
204 772
694 646
91 8
86 455
350 838
747 467
9 716
578 570
677 286
784 582
808 24
511 263
819 422
510 643
29 542
426 780
748 735
32 485
732 224
252 98
806 157
547 411
580 621
496 98
290 518
666 55
121 268
142 358
69 271
293 218
373 696
666 465
730 160
551 715
246 737
338 126
221 538
638 269
194 679
191 427
188 575
125 217
168 685
22 820
794 792
258 724
490 658
174 347
559 459
23 373
731 415
131 684
802 741
835 507
316 499
137 442
560 203
523 356
624 132
672 455
687 67
646 449
627 401
196 443
280 612
607 452
230 472
308 211
163 189
748 285
434 725
402 764
313 630
315 259
367 76
566 514
527 312
107 453
583 731
361 296
718 615
614 160
196 539
555 61
700 258
622 674
138 703
762 415
356 745
701 752
195 10
295 601
645 782
28 194
803 626
721 54
600 230
148 238
416 451
351 640
14 335
565 517
775 180
149 569
442 110
721 71
126 628
44 103
651 533
632 623
353 721
290 343
568 387
392 164
489 474
509 49
518 690
352 596
258 575
122 659
261 71
249 204
431 828
818 275
663 399
582 653
35 496
414 740
631 839
326 357
460 204
782 622
330 426
745 213
342 465
165 839
54 559
433 609
166 571
701 780
531 521
807 48
787 86
353 605
542 665
736 93
467 651
546 369
771 579
96 545
674 51
238 101
213 342
69 561
693 220
225 750
7 510
355 625
705 623
387 264
261 806
166 313
403 601
286 542
762 359
572 218
783 750
503 237
667 573
761 101
411 65
281 497
468 323
530 421
631 104
645 263
701 811
367 552
757 230
125 623
813 667
778 392
253 519
202 747
100 358
353 613
249 146
97 560
590 519
416 82
694 324
26 453
596 220
169 305
689 570
141 20
419 401
654 328
673 9
185 202
288 664
503 26
140 347
645 114
779 521
577 145
826 617
775 473
50 199
6 818
378 491
357 795
132 770
569 201
224 629
643 342
350 558
534 696
600 284
183 738
582 468
106 628
408 577
315 799
478 199
656 167
757 366
44 706
773 287
307 691
304 230
451 704
687 163
528 360
370 626
542 477
467 280
530 816
50 797
777 830
708 598
589 712
257 554
677 481
113 432
742 250
288 258
217 156
463 204
100 650
781 524
781 215
107 158
581 550
237 362
256 490
749 602
390 800
832 209
343 124
264 691
746 385
384 270
106 407
835 167
828 120
728 756
331 144
87 548
508 17
703 34
782 741
805 500
331 386
755 155
320 775
680 20
578 823
819 809
306 252
254 418
611 615
108 476
314 723
648 34
402 343
53 313
484 550
391 577
182 632
439 712
644 110
232 255
504 96
375 643
203 801
387 70
161 615
80 492
813 310
807 611
814 241
748 404
514 380
10 357
89 775
190 732
774 714
106 667
806 13
102 150
763 840
91 415
801 416
257 245
97 502
520 41
729 626
215 459
817 416
378 698
656 413
536 729
392 179
321 243
602 100
500 48
436 301
622 316
449 205
706 702
361 366
727 586
197 587
828 618
362 493
664 176
289 398
539 122
79 252
830 63
109 424
446 147
514 401
421 227
399 588
574 460
491 505
172 782
93 392
64 494
70 95
191 504
773 120
354 16
277 804
586 212
344 742
818 712
695 839
221 560
186 79
635 247
499 713
580 678
756 611
764 553
774 416
153 416
389 182
215 294
740 628
612 769
620 822
46 502
558 427
82 268
343 773
481 758
798 757
361 111
339 656
8 470
450 94
100 753
59 333
115 152
822 836
272 826
81 733
120 395
354 315
742 496
537 682
599 307
816 235
196 819
486 714
204 742
727 169
594 48
749 711
507 676
182 189
14 547
132 479
681 705
298 104
215 542
555 843
338 495
432 670
457 284
756 270
117 222
366 538
231 106
796 640
437 454
53 679
197 322
20 55
372 148
327 239
26 198
78 734
14 249
552 118
591 671
559 223
683 250
666 94
568 546
271 690
766 350
120 800
741 296
229 739
799 704
587 401
594 643
400 191
451 22
522 74
105 340
757 502
116 766
101 536
157 790
687 550
290 662
692 681
3 14
209 334
16 487
357 3
154 216
261 735
58 91
129 279
78 467
176 285
520 124
586 517
473 268
96 428
838 163
179 546
439 405
749 221
342 221
57 655
408 779
292 368
101 232
269 171
80 112
780 804
790 184
512 591
292 389
52 81
181 571
759 631
277 237
529 834
727 149
788 390
366 238
754 245
727 376
317 357
43 647
671 103
794 64
198 725
505 281
656 566
211 361
711 234
222 153
710 538
99 580
760 650
73 679
428 85
461 460
186 513
348 11
117 604
676 175
781 367
290 724
81 692
410 482
213 351
495 647
816 339
7 712
295 52
841 652
816 204
317 529
828 746
305 448
261 242
565 733
612 507
568 164
214 521
38 56
59 478
506 199
145 434
830 173
260 704
4 797
594 480
307 383
300 373
668 167
821 566
210 696
541 532
644 452
615 350
14 652
235 275
766 159
130 409
163 816
111 666
420 192
400 433
44 442
628 184
762 17
398 670
46 307
344 431
258 574
102 351
122 188
275 238
571 208
841 221
314 257
639 55
244 819
831 217
541 729
343 806
280 501
313 393
510 699
503 51
12 591
249 190
159 839
667 762
426 496
541 287
262 202
605 288
588 472
707 351
280 312
373 682
299 571
649 670
229 471
82 289
810 197
261 679
380 619
278 276
200 500
92 790
282 199
543 333
59 528
39 511
712 199
737 74
270 543
332 823
385 843
309 206
664 722
216 625
332 474
70 570
445 149
235 116
454 549
48 51
238 419
408 310
796 359
593 699
252 486
618 136
245 442
599 650
116 168
414 577
12 262
223 333
754 296
666 218
364 668
709 712
734 428
600 243
12 801
180 153
24 658
36 658
177 672
23 753
108 665
307 507
472 298
82 358
570 523
630 395
119 792
539 323
336 807
609 671
728 553
466 406
834 636
478 162
16 73
405 386
573 363
375 110
70 469
481 604
406 668
60 781
90 834
819 606
672 60
576 146
77 12
273 499
560 42
4 40
353 410
172 76
645 28
116 446
673 784
749 622
298 526
121 495
304 185
778 448
106 809
442 146
683 785
311 234
537 29
244 704
150 44
21 214
351 741
593 318
155 602
723 101
797 822
548 364
792 194
394 705
351 377
685 521
654 265
660 740
29 229
756 155
77 43
458 133
471 688
249 36
489 285
154 119
396 777
360 841
621 677
833 687
239 380
584 328
107 308
194 248
30 370
51 212
104 794
454 632
382 364
112 398
82 556
74 688
590 818
522 787
248 403
503 578
739 363
331 737
605 120
445 725
753 302
379 476
740 427
660 301
476 81
390 93
790 347
760 309
33 251
353 101
190 138
324 118
190 44
468 402
