1000 9891
211 840
858 277
142 714
630 817
939 60
759 727
744 362
526 620
217 820
436 82
385 512
759 324
467 828
892 107
243 500
958 74
687 520
119 90
321 135
649 65
423 602
49 829
928 24
648 135
632 886
302 456
35 719
377 973
442 727
523 854
249 52
383 180
402 501
245 179
579 719
374 473
965 682
370 932
188 21
466 339
822 988
933 349
754 746
528 300
244 876
995 748
448 889
268 44
932 27
455 926
774 738
339 129
432 301
205 728
171 968
689 776
858 770
197 884
590 757
441 450
595 33
532 143
376 233
413 956
965 383
205 314
685 112
23 649
101 377
319 310
581 943
601 897
150 628
797 711
85 725
637 392
341 699
642 980
243 153
280 141
135 369
284 685
157 217
530 853
858 326
472 693
897 258
189 744
547 734
622 262
498 680
437 490
596 933
557 489
940 503
725 519
906 163
864 569
494 356
151 541
265 394
565 31
590 450
716 44
61 865
706 118
213 38
469 140
435 20
602 310
730 483
731 582
93 417
670 388
409 482
890 237
448 8
106 572
947 30
105 903
45 591
173 410
736 586
757 236
726 569
286 730
88 381
698 762
308 834
572 151
775 530
619 148
399 782
770 142
183 999
405 409
444 497
127 794
681 650
477 375
82 137
486 239
418 903
738 604
921 36
82 24
926 311
327 830
988 20
846 494
370 287
72 109
181 277
453 528
347 53
218 524
635 710
673 997
180 723
223 422
788 402
935 285
936 645
299 199
911 556
290 286
312 314
369 319
30 452
911 325
553 889
552 836
591 749
467 775
530 603
787 440
806 500
772 684
151 545
522 429
820 176
75 459
720 4
904 203
720 564
83 964
289 425
934 27
764 904
482 442
748 961
198 294
751 574
45 565
536 692
282 884
981 182
909 396
383 76
460 715
597 902
321 651
196 545
32 962
205 813
706 542
981 392
322 791
552 168
535 33
168 145
407 658
528 433
107 420
774 808
573 351
386 363
151 202
617 599
580 621
294 283
720 856
662 31
353 853
192 469
470 524
253 244
331 954
797 621
676 690
695 331
142 340
73 711
805 670
864 54
918 983
699 228
385 380
3 829
209 16
63 885
559 848
182 609
416 406
822 226
885 873
798 11
307 556
604 814
287 514
200 444
539 873
42 323
831 193
998 626
824 369
91 818
128 312
111 319
848 407
869 495
194 57
459 349
596 844
668 465
942 816
392 76
835 288
104 310
749 218
416 82
685 183
623 321
290 631
437 708
133 219
865 383
963 644
267 571
19 284
757 608
422 324
248 656
844 123
443 961
255 375
844 272
583 117
757 898
297 252
245 222
628 913
809 89
408 670
580 796
9 196
818 921
502 342
796 544
201 167
314 693
109 528
499 716
110 845
490 393
733 347
679 789
131 771
704 79
248 187
818 251
930 324
81 835
62 867
163 434
975 51
952 500
121 284
49 15
513 408
165 457
721 541
477 447
628 759
374 809
859 651
400 718
885 467
194 897
500 887
283 795
642 862
827 454
85 816
357 59
394 55
345 547
254 909
437 243
121 371
391 678
967 711
362 530
298 247
973 114
186 292
461 350
301 693
216 735
898 956
808 995
971 529
608 309
613 44
302 781
195 351
678 664
733 707
609 989
318 27
700 791
458 390
223 154
121 313
872 136
263 799
859 386
832 867
610 636
597 327
48 841
35 865
833 234
286 946
555 878
739 86
556 445
27 995
924 275
728 148
877 461
495 702
583 383
931 742
325 155
643 58
573 165
11 644
585 879
257 772
75 573
538 191
650 981
282 497
88 384
93 945
19 978
683 889
296 717
244 3
887 811
656 93
35 104
805 628
384 304
917 394
811 763
414 396
487 750
290 166
127 583
310 45
349 713
689 116
229 435
875 641
270 719
475 31
438 385
651 48
764 927
983 255
486 445
306 783
199 743
76 441
183 503
370 218
877 553
940 353
601 671
380 118
38 980
481 809
171 181
412 185
216 554
837 904
148 964
649 386
812 698
835 363
786 797
968 584
626 92
165 416
904 208
302 523
658 355
506 849
716 45
230 686
838 310
557 795
282 639
247 149
765 984
236 138
807 727
277 824
908 974
832 385
99 130
523 740
357 80
691 326
731 601
438 741
57 634
296 222
518 537
231 278
108 99
805 67
112 102
335 276
351 957
900 760
207 206
444 172
482 987
231 244
128 725
764 976
953 815
71 540
461 242
478 550
1 379
419 212
141 901
340 556
850 240
120 45
710 780
968 379
987 393
179 756
202 575
3 546
666 238
445 520
449 826
252 217
826 788
315 357
488 879
840 4
897 67
936 759
24 465
777 565
280 123
85 744
472 739
567 448
346 196
863 953
612 767
911 577
264 559
546 221
722 281
682 525
994 811
646 96
370 81
427 154
817 534
927 601
842 931
647 334
299 484
686 784
47 514
618 714
777 799
890 880
85 300
30 743
271 251
501 476
427 457
284 118
270 1
825 334
536 919
866 418
204 829
887 24
471 881
899 960
256 846
763 135
654 90
344 55
808 390
917 812
956 774
303 668
118 121
834 422
755 326
542 71
472 411
878 551
569 448
809 124
938 664
79 838
134 909
343 973
92 755
202 415
404 695
720 180
184 877
904 614
679 961
224 153
942 141
811 690
594 830
528 80
12 321
41 727
870 98
177 279
823 952
183 281
302 667
301 942
94 971
555 599
704 607
869 187
673 896
471 499
494 80
157 128
350 627
594 277
393 58
690 768
712 344
660 984
609 944
460 70
595 645
968 561
55 775
382 703
228 329
265 449
319 658
32 436
621 270
783 3
345 51
666 831
773 121
354 291
464 687
49 791
89 54
927 391
181 718
916 535
901 197
740 371
958 398
890 320
998 959
643 402
147 707
645 192
139 883
32 769
473 945
703 235
611 119
820 40
939 700
778 882
912 448
473 546
46 145
912 351
269 974
110 632
735 879
541 183
410 164
430 163
966 433
37 451
861 703
889 196
283 591
269 688
625 706
130 214
850 297
776 732
154 208
248 43
475 276
936 770
79 158
112 761
958 447
819 922
745 295
229 414
653 492
747 465
987 366
879 308
385 302
629 989
703 634
263 197
746 155
711 927
822 92
20 78
851 444
279 959
380 793
604 156
399 170
440 313
695 82
561 887
211 842
565 871
432 941
721 105
133 907
885 790
9 181
176 418
397 518
949 105
150 938
228 414
328 969
12 911
772 357
557 677
341 365
817 824
380 416
806 851
209 584
636 209
977 428
880 259
299 184
812 900
905 318
984 815
486 603
748 778
450 709
161 542
218 601
222 97
230 634
249 197
729 83
341 285
398 972
535 277
113 406
956 974
559 147
156 646
553 46
476 363
905 617
619 797
981 478
417 883
415 280
552 210
37 278
596 251
887 516
106 779
896 719
658 994
329 40
497 839
150 206
529 855
287 99
687 386
896 493
969 233
205 679
975 391
465 442
499 586
16 844
290 167
144 495
616 755
993 876
336 681
745 259
46 728
802 842
50 551
966 601
180 380
168 678
408 85
546 231
659 540
642 978
718 121
337 930
10 24
641 234
648 666
629 723
578 583
195 429
552 940
181 66
403 56
631 462
501 677
104 81
322 56
432 728
659 363
56 148
172 538
138 902
765 757
68 603
175 301
845 317
207 740
412 945
617 422
838 974
913 421
265 160
853 648
266 569
648 214
556 583
705 795
317 469
283 173
271 388
740 928
113 768
781 503
624 804
936 352
844 345
496 439
446 517
271 51
312 553
442 600
203 857
687 98
815 25
528 681
838 394
862 28
184 739
294 600
795 453
36 47
412 947
107 45
70 179
254 300
705 496
836 526
287 182
879 936
475 446
274 831
227 997
861 126
244 96
427 576
488 946
31 66
883 331
324 111
915 708
510 40
774 651
208 448
741 762
239 618
765 228
432 184
859 867
767 938
200 164
828 405
457 731
78 133
931 319
237 988
272 736
936 647
977 45
372 529
837 585
414 794
820 754
95 595
367 798
701 700
821 453
289 220
753 407
916 431
898 846
367 911
812 264
856 936
484 937
512 244
644 465
510 925
243 514
363 569
750 55
815 42
535 921
493 950
649 14
498 972
7 716
242 457
669 836
88 799
506 50
843 81
338 667
9 649
431 230
415 557
914 252
202 186
848 632
443 700
10 969
818 864
452 550
182 731
735 997
593 980
912 372
876 189
35 487
1 523
199 680
992 962
258 764
97 162
922 949
61 327
120 765
743 303
671 530
528 173
70 159
18 634
771 72
754 816
442 350
226 505
706 911
267 345
840 613
274 803
413 576
197 185
55 15
756 168
282 941
504 489
162 307
953 548
917 449
991 848
290 205
979 888
602 268
932 642
970 605
614 161
907 68
275 750
64 831
301 574
693 460
661 174
208 202
486 308
358 512
569 327
670 71
450 58
823 639
789 699
707 478
407 247
602 168
380 302
362 843
635 800
446 385
378 315
995 168
610 799
429 690
156 110
350 204
795 833
703 328
598 118
981 118
484 562
549 850
36 635
806 67
130 736
459 884
957 237
19 503
304 819
790 567
847 514
648 460
830 980
338 526
620 504
918 363
34 88
62 525
302 252
692 908
509 456
933 422
955 396
59 281
41 886
614 629
830 566
836 444
469 646
406 153
103 65
982 844
589 826
92 502
419 30
25 443
898 524
887 833
980 357
653 265
79 881
159 64
144 295
258 307
956 478
664 197
50 945
289 751
253 150
96 223
333 222
518 894
211 766
52 777
489 480
87 295
440 732
349 532
120 324
67 479
533 38
601 686
426 354
542 844
253 361
350 733
959 429
637 195
972 808
759 720
643 821
695 532
510 842
372 879
798 576
981 808
194 394
105 765
717 990
41 261
877 671
964 713
843 25
136 333
134 808
653 792
583 91
490 678
165 974
932 251
959 724
670 793
767 287
161 895
420 28
447 805
984 431
36 972
884 648
733 443
14 575
730 899
153 217
649 764
979 101
679 821
253 856
608 841
71 715
636 435
644 545
573 389
442 249
372 122
580 423
214 877
784 164
749 836
36 305
366 536
572 835
817 44
139 56
529 624
756 23
832 559
609 152
934 921
413 810
271 182
517 692
738 665
298 762
465 91
582 526
159 491
570 78
78 217
750 335
94 787
977 81
730 827
17 956
162 688
282 259
25 749
890 709
872 456
411 708
857 436
13 466
935 41
773 158
406 985
884 392
579 195
930 427
227 253
416 924
753 165
320 42
231 771
446 296
798 541
360 553
109 146
492 30
113 343
97 586
204 874
759 248
155 406
448 412
913 198
182 845
40 822
614 832
634 130
482 247
445 481
291 967
294 718
691 102
568 731
416 600
477 33
318 925
376 158
931 644
558 869
596 24
383 620
582 31
325 14
500 100
692 666
508 575
24 646
997 621
810 908
712 787
470 743
111 755
920 448
430 549
900 65
771 555
479 652
334 129
392 648
124 749
585 325
750 521
955 311
797 680
158 98
674 4
107 807
707 84
781 965
157 43
200 530
261 29
232 306
764 242
322 29
662 427
626 239
707 370
749 243
694 668
649 13
189 348
710 486
329 585
129 244
672 233
571 989
950 852
829 413
578 159
943 405
388 583
344 57
863 162
316 167
84 187
965 734
59 399
459 681
154 425
396 94
10 808
121 43
982 950
785 138
969 501
398 679
223 550
900 621
761 123
317 557
871 458
581 737
233 434
812 1
840 859
990 492
921 235
358 106
50 827
141 464
179 677
453 334
367 264
287 618
334 451
82 104
525 298
585 7
1 246
590 816
348 171
885 508
599 546
84 605
208 429
614 101
104 750
711 949
452 296
257 270
323 187
159 419
141 916
459 461
573 881
498 45
940 148
924 561
397 911
294 281
242 38
923 29
742 923
321 413
871 765
30 295
626 128
879 214
746 630
332 59
596 984
134 257
960 813
734 938
330 596
113 940
831 211
494 291
521 133
427 422
998 851
288 32
808 695
132 113
649 41
759 386
728 494
527 8
454 780
56 427
226 999
268 101
28 81
900 966
459 887
799 793
781 318
121 951
89 470
8 651
709 556
469 419
961 337
218 869
257 531
258 204
745 856
575 222
529 79
253 593
189 399
165 135
553 65
862 469
524 838
581 371
636 738
710 25
36 56
349 431
763 737
103 64
805 768
969 98
297 534
805 972
331 893
297 701
617 560
135 837
121 289
311 799
650 542
63 551
465 348
28 938
988 40
51 441
477 634
614 182
686 291
982 839
445 827
729 892
641 482
477 298
957 852
909 721
936 689
811 975
704 701
854 611
803 291
436 824
773 391
404 350
261 179
688 225
372 586
66 269
942 282
632 123
769 621
860 423
698 326
534 544
427 228
506 695
475 588
553 950
56 250
526 906
601 930
618 512
769 576
893 669
476 946
312 979
664 360
424 525
276 630
668 304
239 464
542 265
377 563
319 688
969 791
363 512
679 144
991 130
895 371
260 34
192 744
598 32
179 402
515 289
914 35
290 777
437 598
994 277
639 621
35 755
606 382
458 246
259 507
597 89
799 765
467 380
50 300
568 337
737 622
592 439
630 147
425 784
83 332
681 556
874 705
109 608
37 131
934 915
277 628
598 492
66 693
552 212
491 160
178 927
992 907
757 133
709 290
197 94
843 420
211 462
488 713
64 700
762 463
168 394
410 459
876 586
92 200
111 847
423 559
974 203
393 692
214 588
609 306
718 204
581 828
747 588
181 174
519 122
100 306
466 580
57 481
993 701
722 277
741 55
872 442
103 782
143 151
842 906
574 745
975 874
686 763
843 760
601 958
798 864
893 446
256 583
39 324
811 503
467 589
602 16
855 998
294 914
830 32
482 402
924 61
543 837
86 272
821 931
787 239
93 407
886 843
374 31
32 220
734 303
348 638
494 676
464 919
784 694
553 511
438 619
493 418
523 50
649 940
245 147
304 587
103 135
107 851
574 406
813 582
425 669
942 410
710 214
658 949
953 963
970 99
741 804
740 841
339 48
784 995
801 987
144 66
774 706
645 730
171 923
797 867
615 988
710 771
514 54
922 275
928 988
124 639
489 46
241 701
58 93
133 525
206 77
300 498
485 58
663 633
689 486
548 431
641 91
94 893
111 65
495 486
189 663
135 337
161 70
531 628
860 504
474 222
682 923
276 968
542 423
844 187
479 208
501 552
446 491
947 642
70 567
499 766
980 360
868 128
691 649
786 143
833 301
442 937
186 799
523 692
235 658
899 965
387 249
939 452
799 804
729 24
527 213
715 29
666 795
844 383
652 522
208 17
420 198
792 849
577 461
83 260
185 441
250 287
987 810
416 613
295 939
847 334
614 591
377 144
527 536
309 891
715 712
40 448
832 940
10 696
552 59
145 635
510 39
991 956
335 184
176 427
953 697
491 918
847 29
867 755
870 150
484 469
231 840
328 57
513 651
651 159
428 704
637 362
768 657
303 436
733 823
845 861
901 987
498 328
940 119
903 125
85 792
216 937
180 524
362 683
898 415
388 561
462 326
379 420
219 95
78 278
113 66
7 878
821 438
253 308
39 89
636 379
939 212
582 129
237 224
664 414
795 692
189 413
744 204
356 178
363 662
894 950
541 942
99 400
338 968
545 30
319 671
553 635
221 925
55 3
938 39
392 940
304 983
670 502
680 626
573 450
810 253
848 824
242 491
518 82
963 537
514 745
154 368
630 261
710 768
154 880
160 329
131 396
198 145
477 838
26 302
849 138
250 192
454 446
75 823
136 689
197 488
918 472
739 365
900 824
503 820
540 505
373 344
49 434
264 240
112 542
542 758
211 418
429 423
653 416
489 196
372 157
367 303
82 77
671 935
949 513
504 374
196 84
15 560
987 355
751 506
635 620
78 80
542 803
447 421
33 337
965 440
324 304
966 899
146 976
85 856
629 587
498 511
686 514
233 890
50 343
604 159
809 959
883 160
986 459
454 685
823 556
185 104
169 531
5 189
835 520
138 798
727 48
398 484
399 85
39 466
888 182
298 88
264 968
859 361
366 267
42 69
36 675
692 447
308 384
871 927
367 679
540 891
514 858
1 949
75 100
423 550
75 705
627 194
835 574
529 383
196 844
398 800
290 889
991 419
740 737
243 907
675 802
273 202
283 474
246 233
943 61
675 947
782 885
822 806
126 403
127 190
737 734
496 364
852 249
746 516
384 947
325 135
390 217
738 224
740 854
512 867
430 194
641 513
272 172
715 656
25 970
438 857
790 162
847 439
425 578
118 753
213 675
513 74
11 870
654 764
624 421
73 417
665 165
116 65
957 917
707 574
998 99
582 354
16 847
456 134
153 362
465 456
263 149
471 86
863 816
901 531
629 958
814 736
125 239
76 437
239 91
167 974
722 131
319 19
356 808
117 127
646 120
6 475
742 984
949 217
716 756
833 560
601 524
90 11
273 276
644 504
972 989
403 426
316 601
389 131
564 311
322 166
551 27
534 815
428 830
821 817
441 573
838 604
538 277
700 533
670 601
910 232
273 37
75 145
147 764
539 270
693 64
136 363
49 574
111 294
325 857
878 527
420 163
800 686
848 558
245 146
192 2
744 623
343 805
44 523
744 820
847 373
33 876
857 562
680 21
476 104
980 296
603 959
948 782
610 317
337 455
597 545
746 941
451 331
969 138
241 803
132 918
296 572
723 503
853 888
729 778
90 568
417 344
327 821
382 288
996 548
842 245
285 321
819 825
58 205
224 829
958 632
637 423
832 314
422 693
618 276
622 436
128 418
336 69
890 884
157 41
218 41
935 126
403 454
377 633
764 99
657 607
109 82
592 52
613 834
320 407
892 287
252 702
661 700
701 511
403 676
170 377
355 191
304 955
412 302
21 161
752 313
776 25
479 262
999 591
602 279
530 24
614 866
766 953
166 81
623 748
292 394
993 259
502 996
409 370
579 650
359 466
785 255
587 183
952 536
297 421
94 329
835 933
109 696
135 978
267 346
468 425
207 618
970 736
383 318
842 301
257 241
367 266
386 279
589 569
839 648
185 919
663 702
666 206
371 124
297 865
253 96
128 241
261 443
230 168
996 431
176 348
738 974
831 383
209 164
851 533
48 664
125 776
665 729
668 520
760 729
778 472
262 825
12 784
734 793
238 200
428 736
289 366
648 947
703 151
710 540
137 178
374 93
226 882
924 247
137 673
839 117
559 930
881 135
866 309
832 461
869 942
84 362
902 450
877 339
882 555
614 782
452 517
144 862
878 967
572 374
611 200
748 234
149 303
10 891
581 480
382 813
933 419
93 134
240 838
413 402
309 862
992 21
611 934
650 826
960 254
763 739
582 101
710 942
753 818
236 545
738 319
906 531
784 187
291 477
966 798
278 821
657 541
862 535
149 72
358 374
505 930
589 490
127 575
555 550
976 794
846 43
896 33
396 998
509 875
627 184
821 280
916 12
901 720
812 429
890 829
375 823
301 688
108 914
733 631
823 559
206 644
759 685
726 286
29 38
581 521
33 35
933 708
679 186
65 882
946 733
398 404
347 572
55 871
294 229
243 767
463 694
744 952
82 835
981 821
194 393
985 434
270 82
588 249
238 966
496 161
38 514
599 475
584 912
307 203
61 383
922 564
389 977
504 539
302 466
640 561
952 771
653 724
471 735
748 149
416 704
95 270
743 402
445 331
140 319
527 957
95 415
118 980
11 554
748 443
841 367
923 262
598 605
430 195
383 353
446 11
653 217
638 489
738 451
222 560
661 449
83 138
728 725
234 98
586 799
794 448
67 670
84 544
505 973
345 864
806 951
883 224
976 590
599 740
797 1
163 768
510 425
798 170
391 880
233 964
270 579
181 172
719 684
100 316
172 865
48 351
357 427
200 362
739 735
976 251
850 732
299 110
8 995
358 975
436 909
823 563
262 436
925 95
51 622
143 6
542 266
699 638
497 58
389 130
151 900
968 589
938 109
613 813
906 399
467 591
855 992
852 345
131 484
705 799
227 79
446 303
657 924
675 840
52 866
432 420
825 422
790 768
169 202
244 650
687 776
17 398
383 193
520 99
796 144
658 145
387 445
279 123
463 206
330 177
334 601
139 413
801 872
550 365
268 982
349 100
460 899
10 642
62 859
837 223
624 228
780 977
104 390
179 586
309 519
755 747
386 304
334 490
615 47
429 494
876 537
93 769
477 482
619 313
233 134
111 877
530 913
125 1
147 419
534 285
919 496
25 771
119 551
731 161
660 227
954 896
816 993
603 491
242 1
450 210
108 986
364 620
806 415
646 244
898 454
299 475
800 708
476 965
99 374
246 763
963 769
839 370
342 206
255 635
610 598
458 475
118 289
231 553
673 404
532 20
94 334
187 888
702 9
868 273
27 275
70 727
614 912
960 727
544 22
913 167
877 366
680 694
187 582
829 11
874 756
876 42
490 765
761 440
19 597
428 572
689 521
373 32
620 39
583 173
144 130
501 125
810 603
957 280
615 796
118 796
581 412
446 775
946 231
107 13
442 346
387 695
912 22
555 910
330 439
562 202
568 839
440 998
996 763
137 906
779 343
599 590
67 713
413 973
988 71
935 584
629 851
520 697
81 805
832 763
615 160
466 560
358 331
159 142
362 774
254 776
220 360
245 971
391 811
427 109
181 371
402 512
2 582
944 195
858 243
86 688
380 981
73 555
590 64
77 19
902 76
372 625
321 481
151 292
663 893
191 108
988 570
223 287
217 912
9 237
394 593
124 176
640 409
824 230
143 126
790 911
863 719
185 300
406 900
100 185
494 941
109 53
899 517
97 661
385 931
597 352
134 550
618 973
855 936
961 936
115 587
398 219
811 334
136 454
602 377
783 300
18 918
683 904
423 653
736 810
148 904
312 630
308 143
959 700
151 116
795 16
689 565
800 394
468 232
420 75
528 260
188 863
326 789
607 428
978 348
598 673
158 594
361 358
459 565
515 175
371 317
707 695
136 864
380 565
189 439
664 610
334 34
249 586
177 421
396 641
877 88
724 989
893 994
620 606
896 292
499 316
36 511
148 145
276 78
205 480
298 514
633 413
303 549
965 422
309 386
121 370
741 399
785 977
188 974
57 458
938 453
497 819
391 557
507 486
74 562
619 498
485 419
693 206
23 938
368 703
575 238
850 539
669 117
345 225
256 638
126 6
427 391
325 688
752 612
934 458
166 32
484 579
583 817
108 343
342 782
887 774
635 46
692 223
522 189
535 675
259 508
406 381
777 383
134 812
784 589
820 315
715 39
57 721
957 126
905 515
218 836
348 699
425 678
600 84
283 256
610 53
927 376
250 452
144 89
951 64
738 337
191 186
525 397
983 689
340 693
944 509
348 72
956 271
408 269
827 26
645 901
561 458
784 311
694 256
510 351
112 794
314 32
958 755
996 514
301 864
910 886
993 976
711 894
779 502
223 544
65 642
617 109
578 878
858 321
894 643
789 797
727 97
534 963
276 823
578 755
816 804
835 192
98 171
123 210
756 582
668 480
281 776
583 759
105 588
656 844
134 835
18 173
350 878
260 114
887 157
211 610
262 990
289 390
381 888
386 568
759 71
601 861
104 387
877 248
382 686
930 802
106 660
515 666
681 166
240 82
231 634
504 935
912 510
89 319
416 749
109 944
628 928
848 544
684 99
634 241
672 286
601 488
810 612
157 959
292 118
477 174
615 840
945 49
563 981
235 132
184 966
684 583
962 929
779 733
121 365
541 631
140 913
269 755
241 848
262 388
118 578
432 95
90 663
643 180
361 927
42 786
502 776
911 499
569 995
55 452
685 77
779 8
104 758
985 562
94 977
992 325
592 603
137 728
390 250
877 630
993 621
225 731
444 931
548 569
952 527
38 923
204 375
572 200
191 75
214 184
219 274
590 263
422 313
940 466
872 40
32 319
929 39
342 92
920 862
941 824
123 111
991 182
976 176
319 899
100 789
561 749
841 313
485 814
913 277
967 94
826 874
791 748
133 386
874 866
835 760
674 678
201 660
643 15
209 949
378 996
435 279
370 916
216 64
80 678
245 116
728 82
231 129
268 397
268 841
74 76
447 889
670 996
309 888
131 812
244 163
923 280
466 503
516 409
573 344
225 202
504 127
275 934
477 340
633 166
658 713
897 903
515 336
681 632
340 656
239 615
870 100
104 579
637 359
177 265
626 760
309 316
651 225
86 582
638 278
129 223
148 109
523 43
708 101
929 368
472 835
203 631
630 946
445 558
427 111
894 731
271 918
522 112
116 639
869 391
872 501
517 827
461 405
178 653
285 871
659 166
18 354
882 101
664 272
669 1
833 900
972 118
782 211
164 558
101 725
441 635
316 865
338 745
878 747
835 724
139 250
801 580
144 961
184 578
596 271
355 443
981 339
362 389
992 628
314 608
278 143
856 227
69 282
842 26
404 593
390 559
667 221
312 768
231 58
141 270
291 678
642 277
601 859
209 67
429 19
69 60
732 876
953 873
606 877
111 593
922 180
739 21
563 698
488 608
710 831
144 284
625 853
461 787
408 161
543 213
139 19
950 249
897 995
556 352
408 208
693 521
475 8
516 802
522 419
284 978
102 873
2 555
613 371
546 172
730 689
828 850
315 897
558 716
569 358
479 269
426 129
686 739
179 464
90 989
217 828
324 608
164 797
254 737
583 530
734 906
266 582
720 572
624 592
330 711
61 853
815 444
84 426
364 67
909 377
861 654
769 800
230 967
531 218
359 472
769 849
75 246
256 780
227 307
726 843
199 857
714 771
735 904
98 60
891 761
931 542
239 861
161 916
938 602
154 493
563 75
469 564
964 132
805 138
255 199
274 578
757 129
334 754
176 764
598 595
323 639
2 88
404 996
956 153
280 682
401 706
926 545
453 369
456 427
996 813
867 703
710 795
569 853
162 261
81 979
543 201
871 236
883 226
539 210
594 147
926 338
856 95
292 614
332 955
910 998
329 235
16 608
203 686
718 67
738 773
703 789
889 504
241 320
501 830
428 388
90 103
181 76
807 136
868 906
544 576
303 473
160 857
968 992
644 507
647 752
602 109
660 781
238 881
759 465
264 118
467 593
147 803
570 180
359 628
469 148
632 448
734 640
860 971
810 176
977 673
852 971
174 699
68 327
658 124
53 582
807 605
956 889
329 945
101 926
48 657
231 271
838 381
549 998
363 159
899 139
203 310
259 104
80 699
378 750
984 481
359 427
287 414
269 959
770 868
199 706
19 680
684 802
114 854
178 507
862 401
700 84
314 651
780 412
877 829
109 738
831 819
262 397
802 535
382 243
144 469
219 907
475 293
607 628
79 175
980 410
124 516
50 995
508 427
827 328
483 895
570 960
328 912
789 237
522 488
393 724
945 999
323 919
487 920
254 893
664 889
497 920
759 960
198 944
380 947
290 423
661 148
475 993
849 220
826 324
618 674
671 444
930 230
345 318
79 251
275 39
687 534
265 93
566 317
686 906
467 764
471 552
959 855
431 398
35 849
860 824
611 354
683 785
976 293
209 650
643 724
670 553
907 981
692 225
964 782
866 443
717 626
829 408
479 259
984 223
622 721
473 862
628 790
113 455
79 734
156 16
905 457
515 774
412 394
681 18
420 194
495 654
644 256
5 616
172 446
227 728
834 464
514 466
566 923
255 14
724 7
196 696
876 202
348 787
666 440
120 882
597 736
528 425
322 926
252 742
789 446
166 791
867 614
980 335
662 23
235 675
840 329
923 680
242 671
3 519
99 771
346 385
953 415
152 250
650 345
872 585
176 192
16 537
520 413
54 225
699 252
774 238
189 838
358 683
627 78
593 162
756 362
43 129
315 612
157 153
985 520
968 858
700 491
370 360
593 51
372 738
603 102
824 377
129 617
995 496
446 56
955 786
136 234
962 10
764 386
967 799
934 428
807 950
69 499
773 98
756 814
761 764
910 219
786 239
805 337
193 353
425 29
668 778
490 573
130 762
94 187
762 897
270 625
41 82
472 424
757 906
683 539
300 701
249 163
601 438
838 325
342 660
221 349
259 160
559 117
193 420
430 59
399 637
830 568
945 274
213 538
128 660
148 607
371 398
889 205
852 455
871 485
857 623
932 127
400 792
809 396
816 400
361 501
180 863
989 235
101 507
859 643
418 967
715 935
348 132
719 951
814 857
603 646
569 538
253 1
438 445
541 949
633 419
279 839
487 928
146 972
328 823
321 485
428 274
765 23
613 200
513 92
290 495
989 687
462 721
546 28
470 236
806 586
1000 131
18 447
958 785
959 56
359 796
929 125
521 347
9 15
894 982
630 552
613 822
41 271
320 466
378 200
749 71
363 404
916 562
498 609
947 924
587 389
723 581
62 497
389 623
528 565
895 835
967 438
148 942
376 418
460 692
744 631
435 334
933 499
883 824
900 574
248 257
11 559
853 300
1000 784
872 34
257 995
849 777
520 823
723 784
407 893
980 161
89 576
418 497
296 421
261 828
478 562
745 601
46 406
728 809
185 490
585 224
515 141
573 415
997 627
779 256
945 24
49 35
837 26
680 347
2 891
838 114
101 287
234 240
800 679
36 398
366 909
573 609
978 243
745 260
232 465
405 426
693 988
147 392
662 313
811 913
263 294
31 282
417 146
917 229
663 961
81 13
924 711
618 605
858 838
823 671
940 345
299 99
851 718
711 670
949 37
199 458
939 19
206 566
708 860
964 486
146 480
494 365
886 563
464 320
125 352
428 683
511 554
534 803
702 129
905 97
744 919
941 867
999 424
639 814
472 250
809 651
518 759
647 913
783 241
716 180
113 329
39 673
616 352
619 419
820 362
92 961
558 546
444 70
445 507
653 822
356 650
340 23
838 370
653 522
925 930
316 938
971 148
201 984
97 159
79 795
733 362
736 562
249 240
499 652
596 38
463 489
452 251
857 566
704 419
386 595
457 128
318 835
317 628
945 171
983 599
913 661
440 973
271 520
888 459
299 114
853 915
177 402
111 761
888 101
611 705
518 930
457 594
983 949
25 151
79 460
444 863
80 429
953 499
845 773
370 359
870 344
176 180
450 271
771 719
556 79
958 975
326 333
65 620
306 954
220 596
494 47
573 984
590 948
480 905
9 357
764 153
157 37
820 923
217 196
419 886
908 530
654 936
315 825
228 462
413 332
424 571
26 787
156 146
530 483
492 346
535 918
866 459
848 194
462 858
265 318
86 198
199 93
333 806
910 165
429 728
621 68
132 702
540 46
565 397
383 958
217 311
201 666
516 71
912 399
151 252
689 701
396 197
911 550
258 226
576 873
957 420
249 119
511 147
41 771
667 243
495 623
421 584
278 963
767 51
913 736
970 787
475 403
348 899
663 468
188 820
10 564
887 890
987 927
324 148
1 351
936 814
873 373
728 656
566 130
824 847
537 430
405 166
671 95
505 490
125 433
492 980
292 552
376 921
765 129
343 111
664 854
793 374
963 162
102 722
33 313
54 145
882 302
864 813
411 612
897 321
685 669
546 104
787 366
581 438
220 943
938 270
786 970
570 981
937 590
919 746
759 491
942 825
113 55
914 348
818 586
213 116
57 984
830 253
66 790
251 286
477 720
424 452
478 27
562 726
271 43
877 335
109 997
965 700
640 508
16 269
736 668
143 940
156 284
301 292
691 164
305 801
362 274
40 18
102 336
247 665
550 680
19 848
499 324
101 536
27 685
784 32
412 865
767 215
328 380
261 108
633 215
172 309
853 986
656 106
654 741
803 237
783 899
291 449
310 431
495 865
791 404
465 342
11 974
747 29
533 845
242 640
940 961
723 435
172 91
409 831
983 893
824 730
676 859
145 789
629 933
107 967
57 350
774 203
613 369
480 595
798 221
68 826
852 267
958 790
213 325
323 285
159 675
350 998
925 390
560 304
701 432
48 612
857 466
693 124
843 675
165 435
368 257
169 816
995 380
762 593
997 470
377 565
144 754
921 990
1000 318
298 359
284 182
30 950
839 452
661 752
745 668
286 955
126 698
962 80
916 930
299 992
698 839
191 726
729 91
378 939
714 769
341 21
63 556
412 560
22 671
970 230
809 975
761 219
580 889
597 837
563 77
395 975
982 897
549 34
382 845
273 495
314 757
957 349
500 152
139 450
69 141
745 600
926 551
328 152
268 571
334 402
562 145
157 619
568 17
125 279
895 279
589 680
36 312
789 358
140 68
332 727
439 813
581 4
747 292
552 278
603 677
152 132
577 869
559 573
239 138
467 720
950 74
254 839
510 429
259 328
557 172
6 178
427 907
944 63
765 73
806 661
589 283
517 718
55 643
681 848
650 481
214 288
52 443
949 179
841 538
972 756
901 304
777 994
426 208
835 52
836 283
103 772
731 103
159 758
864 580
406 865
32 278
656 816
949 85
437 353
366 441
852 640
82 912
354 950
553 549
648 847
26 687
243 735
905 96
851 924
485 678
986 893
277 692
666 895
904 168
722 851
373 645
9 772
265 549
229 673
322 325
127 490
39 669
458 133
369 806
80 415
310 132
84 319
212 372
655 298
694 96
752 353
871 966
835 686
677 191
650 223
402 608
55 702
320 76
567 704
500 170
809 152
169 377
614 677
649 551
45 726
699 386
150 726
271 839
430 227
182 384
793 861
900 519
426 862
888 349
82 236
67 576
448 974
788 608
960 291
944 814
942 233
49 78
879 662
591 2
187 216
758 529
870 127
486 372
932 662
78 98
315 380
708 509
622 427
492 768
87 65
694 43
272 728
220 678
665 343
314 303
99 527
336 427
190 346
615 495
674 31
233 821
252 247
38 926
609 562
96 619
663 853
707 93
907 655
910 738
577 400
988 594
158 406
750 76
237 135
448 812
190 7
212 571
473 17
540 377
242 366
890 450
845 46
433 643
658 444
143 260
437 615
496 237
773 925
818 566
912 575
506 58
624 745
606 425
697 659
649 617
60 341
607 340
268 20
62 319
869 949
909 350
82 538
161 990
878 701
865 610
97 984
667 468
481 377
62 398
467 314
436 120
417 977
112 187
891 675
677 36
808 173
751 68
294 636
117 55
914 553
50 494
93 46
187 425
225 94
814 251
165 695
145 637
935 870
702 280
262 468
837 64
417 541
332 648
462 63
390 296
90 93
37 665
645 986
814 835
656 301
486 272
34 369
91 320
310 298
292 553
620 645
788 457
293 789
793 373
559 858
326 431
967 725
114 133
993 654
9 311
670 60
963 50
637 55
824 396
74 791
55 632
242 33
302 720
470 49
509 533
649 368
775 496
691 973
761 729
414 536
755 466
846 575
299 328
137 181
726 209
855 823
775 770
364 882
476 852
902 554
317 420
374 191
32 60
143 280
221 520
863 489
442 855
839 712
356 621
672 985
127 418
825 482
584 855
895 937
346 128
532 735
725 234
818 828
140 272
287 451
205 886
830 943
212 130
202 440
885 101
727 555
143 273
572 81
221 125
887 936
908 115
638 502
710 931
629 17
187 34
408 309
665 785
520 714
962 791
747 315
452 85
950 252
51 36
98 957
366 812
231 763
879 319
491 662
292 589
497 981
759 789
465 119
380 902
876 771
661 89
310 889
292 732
145 158
613 368
940 224
979 634
614 998
301 538
820 574
345 602
974 259
557 361
725 903
85 536
450 231
402 770
275 496
81 449
651 893
584 296
769 746
276 910
80 7
807 967
846 539
575 123
243 706
324 457
108 339
127 497
368 480
387 166
904 28
248 694
35 760
625 200
329 411
863 82
977 715
961 206
674 749
415 749
476 461
791 902
326 75
255 115
888 612
475 904
923 973
164 1
573 187
386 7
558 849
196 754
185 647
296 808
127 875
737 35
421 912
206 350
339 379
710 798
658 765
789 357
701 569
975 398
364 214
651 928
548 220
589 568
607 819
461 901
803 486
360 737
916 207
81 79
660 96
323 179
785 12
26 356
627 155
871 604
626 993
39 142
856 806
840 90
531 718
217 865
716 754
999 153
351 281
81 301
100 31
657 740
566 340
855 26
954 698
632 592
706 171
778 364
527 427
21 978
226 836
902 965
677 459
808 630
401 192
293 498
960 593
434 264
273 910
645 254
960 704
387 354
697 743
240 86
4 153
278 360
217 330
844 673
80 702
516 10
397 199
18 764
795 560
840 598
155 523
526 348
715 293
563 146
542 673
380 522
58 258
684 722
480 464
409 980
380 633
269 576
328 4
440 958
711 493
295 448
462 83
755 780
572 750
98 869
388 147
737 410
354 894
779 157
134 243
261 864
951 403
328 704
422 318
171 122
693 145
312 180
989 248
446 434
703 1000
428 762
318 655
236 607
130 832
722 436
298 26
32 418
605 955
479 110
9 982
149 439
913 376
414 735
734 720
221 547
826 647
576 734
761 598
434 391
602 366
496 125
649 791
429 615
448 631
985 143
532 708
667 471
101 959
62 399
468 98
469 407
727 972
804 299
218 824
757 213
973 952
619 220
340 267
480 158
98 709
379 896
396 436
383 292
958 407
427 534
102 148
380 708
710 983
132 993
991 970
888 489
745 416
599 581
374 984
585 15
470 539
16 894
568 827
1 206
352 166
794 261
558 474
449 796
121 623
174 483
501 307
736 28
811 586
284 970
234 345
586 562
271 764
452 423
626 982
898 521
81 75
778 115
47 166
691 814
29 939
105 349
17 995
258 795
216 98
707 920
940 97
697 242
276 65
567 65
720 189
205 485
851 889
152 7
431 329
937 952
833 355
942 831
674 885
658 270
21 778
815 420
191 478
51 331
571 896
403 710
759 11
800 50
378 34
167 462
682 442
921 738
903 982
596 420
562 724
763 189
109 197
653 892
411 369
412 558
182 700
991 449
900 299
500 279
89 760
255 47
956 2
297 395
926 958
908 157
122 368
144 114
454 339
75 522
884 812
386 211
831 999
188 875
395 131
32 711
641 687
559 709
173 10
197 132
608 789
352 758
176 281
665 67
774 431
189 901
888 116
159 361
201 419
628 126
99 872
379 488
395 335
910 633
203 646
383 796
685 802
134 40
561 796
103 653
913 961
128 497
459 481
314 484
860 456
546 27
87 249
585 915
925 117
873 828
782 486
949 127
327 319
517 795
185 482
369 77
464 359
565 15
511 563
516 327
192 625
483 82
191 365
854 39
51 310
125 761
289 207
900 203
167 15
706 102
263 929
51 167
749 68
184 260
614 93
557 957
134 662
729 40
198 357
536 584
705 87
613 614
51 69
89 314
198 244
592 431
386 994
772 521
908 931
532 867
114 814
481 17
687 193
672 358
156 527
927 362
749 648
861 846
808 102
79 945
151 260
745 933
525 55
417 762
382 194
755 612
760 270
957 716
465 662
961 521
727 730
460 434
451 455
805 1000
864 316
404 855
988 701
69 89
616 993
619 450
180 830
7 631
242 595
295 479
187 190
63 579
85 903
570 964
392 661
229 440
584 137
768 848
627 237
828 556
832 599
906 994
802 179
68 314
76 428
902 126
772 926
612 349
78 337
797 509
925 168
927 622
750 455
534 75
521 491
868 950
490 811
12 982
290 720
221 828
772 700
13 528
460 278
837 782
697 411
769 614
395 941
172 675
692 410
752 389
492 128
781 412
138 750
438 289
990 786
688 848
1000 706
753 958
661 899
170 686
924 475
502 203
88 43
586 278
491 102
131 25
204 577
64 212
959 755
179 125
306 49
235 93
143 998
234 960
836 737
650 559
407 642
179 547
701 890
444 389
132 29
121 368
163 129
358 71
1 368
333 908
538 9
22 430
690 380
432 84
604 282
1 225
528 842
82 12
64 527
188 322
950 165
37 884
367 477
371 22
334 459
525 543
893 933
271 667
336 286
375 983
487 997
309 453
789 971
620 599
870 302
284 645
73 898
532 635
920 820
996 103
337 678
51 592
270 679
617 511
359 413
610 592
331 81
848 197
321 91
48 957
51 366
913 383
493 829
701 504
339 839
976 281
48 547
152 179
244 518
820 474
288 251
456 845
679 289
406 335
902 704
692 156
985 142
217 308
886 222
407 83
355 386
66 979
89 370
640 878
849 948
687 8
302 238
231 188
676 287
363 12
715 371
131 51
434 881
832 932
444 314
836 596
984 287
839 611
453 164
889 643
183 991
849 743
667 786
693 798
620 850
470 681
399 743
440 290
508 459
292 964
149 61
271 590
705 128
183 274
612 928
738 743
208 422
813 247
907 126
731 199
358 732
343 104
492 870
220 277
423 400
318 702
497 262
545 575
397 821
529 82
755 9
37 160
404 323
522 234
86 805
307 568
254 639
319 929
780 693
531 777
90 91
923 688
310 556
313 248
81 372
786 518
891 413
699 700
647 564
282 664
579 130
974 338
194 444
398 50
899 523
649 585
587 900
514 846
441 638
84 938
484 548
871 43
99 731
754 390
57 101
69 186
497 502
759 270
195 824
326 466
516 38
300 697
545 594
286 892
303 838
994 219
23 71
226 177
257 923
974 568
721 145
5 985
892 877
913 816
474 998
109 661
718 573
813 279
245 373
690 34
490 12
127 881
280 706
577 636
228 664
840 282
876 456
804 189
382 385
457 814
360 823
222 750
371 176
499 103
246 649
31 12
161 442
1 41
367 420
703 542
543 97
871 852
880 904
470 919
111 931
573 714
150 613
542 811
210 304
841 658
111 16
662 384
314 370
152 73
290 491
509 725
312 271
99 585
800 548
142 727
324 734
997 437
402 768
129 984
630 770
794 986
598 774
178 731
105 457
630 524
293 762
555 219
522 992
835 379
530 407
803 921
774 596
419 896
593 317
367 574
355 30
906 402
319 699
831 653
532 296
208 821
22 650
133 291
155 279
507 824
435 7
751 533
165 146
192 784
853 101
907 975
550 15
809 903
517 478
204 975
61 50
961 460
355 333
47 3
412 668
677 152
311 398
813 968
631 833
62 580
445 324
104 331
287 417
325 254
112 197
554 996
975 796
671 591
10 343
608 613
24 918
957 346
84 986
857 734
326 875
442 284
704 167
210 976
286 389
658 616
328 155
800 24
463 311
999 417
729 645
750 793
839 696
641 29
923 741
110 555
145 869
239 242
556 208
613 257
669 495
229 8
862 976
179 40
163 918
39 784
727 407
582 663
583 953
497 209
375 784
929 172
489 629
622 801
475 678
739 597
507 9
697 41
806 453
865 927
94 571
259 514
665 523
282 673
963 810
837 781
217 908
53 318
825 205
792 386
99 464
483 113
860 849
960 595
393 426
293 198
715 155
852 976
909 311
88 957
485 901
74 368
791 823
776 244
598 295
198 209
458 98
335 280
822 794
364 599
236 307
808 180
438 531
369 662
227 560
154 713
168 162
334 723
481 173
862 559
671 358
766 806
748 293
624 283
662 925
663 460
157 731
561 770
965 36
987 532
988 203
757 386
478 701
11 954
768 543
755 865
646 528
168 623
177 487
146 878
243 34
741 751
957 802
542 976
104 764
983 806
699 215
760 999
615 411
108 819
842 757
57 411
864 773
224 676
669 356
284 646
845 99
773 454
704 877
636 360
104 41
121 909
821 458
473 372
114 126
155 512
928 256
765 403
493 26
78 588
616 19
75 902
948 114
137 239
736 557
14 103
381 790
203 26
956 564
827 420
413 90
269 363
566 707
73 134
446 605
486 542
910 204
36 729
611 71
100 22
838 338
288 474
36 808
18 847
425 855
733 230
896 868
89 738
679 663
701 955
416 316
836 710
486 971
897 590
970 908
123 213
770 103
687 478
140 947
824 996
880 992
353 864
600 479
432 113
345 816
71 794
828 759
406 182
704 397
814 838
429 348
790 82
735 783
949 933
872 86
24 394
428 148
343 107
703 121
510 488
941 800
152 110
480 587
409 53
285 430
638 996
253 346
525 479
721 284
997 75
473 295
43 808
498 178
190 196
301 725
394 457
507 64
151 747
354 469
227 73
815 576
946 817
782 443
730 104
694 711
364 734
570 977
476 928
57 770
243 747
180 861
138 581
967 794
243 664
317 417
418 854
88 660
716 105
601 159
798 579
252 585
678 53
401 31
458 216
977 748
467 362
397 43
572 415
423 605
40 535
965 185
669 607
529 436
587 250
734 127
352 681
634 51
121 92
784 774
639 294
610 40
334 664
139 474
66 726
503 783
70 246
163 464
878 809
292 180
809 358
59 131
559 342
743 213
563 787
766 270
453 135
201 246
771 830
520 638
577 627
780 48
124 986
817 114
594 790
158 887
915 664
951 174
275 569
276 486
885 422
686 297
873 486
283 790
286 219
524 133
552 717
738 648
99 874
64 999
599 841
267 826
819 889
608 228
457 664
702 594
261 296
235 878
894 366
16 649
436 770
845 90
494 120
861 558
155 938
7 837
157 120
988 986
472 598
56 789
591 571
152 360
760 765
651 894
307 900
860 552
988 533
774 325
851 791
856 619
161 351
695 670
537 883
256 629
789 597
745 950
189 297
834 81
545 162
453 759
456 823
274 504
536 987
65 744
175 916
213 133
662 586
790 639
973 651
571 889
763 347
726 845
140 416
639 484
823 776
514 629
329 361
779 817
597 976
997 970
213 999
899 34
594 694
477 978
328 446
28 627
766 731
824 528
241 988
814 45
374 612
675 361
14 949
823 161
852 343
802 636
294 404
662 208
396 886
707 553
604 423
452 180
656 888
720 684
94 827
621 868
836 859
551 633
608 17
332 884
3 723
43 302
246 811
160 514
984 788
290 413
590 16
920 60
996 367
324 684
328 679
139 578
997 131
341 943
128 334
807 134
664 432
167 39
575 186
449 262
413 355
52 165
75 332
919 697
997 357
485 593
808 746
184 196
80 373
562 809
744 182
138 541
822 958
401 197
221 988
465 680
294 904
709 338
190 841
545 846
930 640
53 479
505 332
297 5
868 500
745 728
679 396
377 416
231 261
527 872
676 406
549 992
143 627
610 142
403 990
297 295
193 502
1 79
197 105
144 158
71 493
165 888
757 254
867 402
540 276
426 928
861 146
490 419
509 389
970 105
516 285
184 862
849 872
98 316
476 176
822 549
179 549
642 471
435 591
534 233
386 153
392 966
926 519
486 14
267 336
936 823
258 351
784 776
462 39
746 914
103 275
766 465
404 228
651 365
488 734
137 624
121 705
31 340
551 541
203 755
864 151
404 58
479 518
837 684
792 35
833 713
68 894
327 739
474 53
39 349
11 855
498 143
480 910
907 643
929 79
622 300
933 655
207 942
561 335
411 701
527 283
510 905
998 674
700 426
985 321
109 73
860 647
318 811
464 688
921 922
355 166
970 457
221 593
296 280
849 711
709 940
568 420
770 544
516 76
465 784
715 484
255 423
889 473
796 867
581 499
304 609
880 784
643 208
849 827
259 219
297 428
425 743
690 173
893 771
684 915
838 140
948 836
642 443
718 598
240 561
611 514
79 24
228 742
733 250
267 418
481 680
748 973
153 443
594 819
335 819
755 892
104 586
420 627
85 38
694 233
219 139
37 790
372 347
390 78
768 872
264 183
276 33
973 732
171 445
979 610
871 528
548 501
32 179
381 374
77 11
261 324
820 981
877 740
612 279
815 722
781 798
985 643
12 777
930 260
351 807
589 1
5 208
461 398
70 948
289 769
143 70
754 83
972 30
338 958
982 67
751 642
726 376
117 546
835 447
861 675
113 187
77 544
354 167
449 153
726 332
142 164
1 976
117 324
563 342
946 370
784 601
539 193
598 364
197 333
2 301
496 378
870 620
582 322
451 718
698 725
846 28
296 929
481 123
279 296
716 575
672 716
73 993
288 709
678 502
560 685
580 544
407 708
67 911
656 208
256 927
845 644
365 954
63 731
615 30
121 302
78 308
16 206
879 613
24 713
461 780
799 100
254 221
537 397
42 981
115 185
613 410
634 615
927 192
787 547
71 910
720 592
901 549
924 521
817 729
104 821
391 775
237 519
418 163
889 764
104 836
586 676
237 920
756 340
927 631
597 462
937 755
310 927
276 795
453 117
874 607
433 924
214 251
346 931
649 400
902 834
962 249
640 381
59 636
142 102
240 320
772 505
721 407
834 174
88 820
967 142
109 162
401 105
395 663
594 943
307 76
914 376
69 453
325 875
58 822
477 928
922 735
118 946
305 759
240 780
22 820
631 752
64 122
196 623
103 74
879 286
839 924
171 795
528 325
323 612
790 184
837 875
83 36
582 190
663 402
384 415
311 76
331 786
690 343
413 540
140 884
841 961
879 633
573 522
405 104
633 359
727 565
504 301
935 210
231 650
955 182
577 888
985 831
766 148
750 633
676 868
327 984
163 779
863 826
989 101
441 173
224 811
975 680
764 941
257 323
96 469
902 125
650 490
744 449
372 514
297 699
440 482
407 432
997 130
559 311
218 91
471 319
76 141
773 369
208 29
246 613
963 927
416 202
511 579
129 683
994 635
192 545
341 128
802 370
566 475
695 765
186 927
725 362
483 115
601 820
229 603
711 331
165 291
5 458
530 155
895 527
456 852
386 675
338 680
394 962
108 450
291 610
899 867
169 66
715 507
277 556
923 22
97 313
156 767
567 735
390 916
173 284
49 278
140 171
822 907
568 598
567 249
975 219
44 527
838 161
509 373
145 660
831 824
245 299
292 969
999 118
893 751
418 807
550 580
864 475
576 463
153 50
64 659
528 98
162 288
434 573
1 230
185 897
572 891
667 527
426 637
945 911
456 172
975 287
580 173
488 861
881 922
259 157
21 461
298 706
924 690
926 448
413 179
417 176
349 961
447 116
506 528
630 985
665 715
741 80
1000 214
501 253
769 677
733 748
57 123
555 148
556 875
479 180
888 875
803 962
971 420
313 338
206 19
711 94
854 499
490 814
113 13
97 640
497 430
774 289
82 768
322 307
655 119
731 661
18 24
311 701
442 956
683 790
670 528
855 524
270 671
757 526
758 377
196 882
880 471
433 419
390 869
209 941
804 704
622 587
614 747
675 629
767 475
240 852
849 826
830 519
192 151
897 726
178 406
537 489
974 594
222 983
101 750
836 599
193 755
358 151
69 64
328 326
111 581
148 561
476 70
157 701
638 302
859 527
477 428
595 121
424 31
727 524
837 476
141 597
41 705
297 879
284 855
158 936
710 757
971 951
609 262
348 302
115 77
171 303
580 129
802 135
31 331
759 957
206 807
580 16
807 363
167 904
362 605
371 789
281 573
247 382
255 851
793 410
972 904
421 766
632 541
975 823
503 54
394 582
986 28
470 421
878 952
455 179
260 419
891 169
29 378
270 124
511 744
351 310
670 509
29 491
820 10
941 407
454 888
401 140
155 445
283 96
810 909
752 351
382 750
919 311
598 242
583 106
711 49
472 470
255 501
936 293
631 639
114 951
320 26
240 694
566 383
403 98
187 401
231 221
53 857
628 535
735 861
149 666
480 207
463 62
102 330
467 59
140 115
337 666
842 149
329 62
992 874
221 120
97 74
135 808
706 996
600 159
927 284
433 72
639 917
404 959
444 584
852 317
895 377
146 767
129 480
242 555
3 475
281 221
135 206
375 709
266 779
512 559
857 454
479 249
332 568
663 724
668 930
214 69
907 14
945 983
644 617
250 877
680 388
180 93
242 781
519 501
333 162
957 872
745 162
251 569
931 277
418 160
413 283
232 154
713 429
76 283
561 865
711 691
622 378
859 68
143 135
977 241
711 576
731 398
215 785
916 372
868 250
65 840
781 658
229 981
910 334
55 889
711 372
407 464
869 645
781 739
268 954
109 16
860 840
756 777
869 534
387 173
322 490
749 465
821 964
313 725
908 968
213 884
481 603
913 102
1 684
473 927
457 290
635 263
430 495
640 809
914 328
143 910
535 408
460 770
230 631
701 591
374 344
638 619
606 23
588 518
934 542
131 991
615 863
448 841
712 518
286 633
32 648
61 499
362 18
328 158
274 860
633 245
372 79
474 539
805 613
534 45
148 344
21 214
993 781
487 543
551 746
349 730
897 112
903 637
777 522
355 530
318 746
394 218
157 169
770 616
707 103
817 539
255 366
470 3
454 644
366 464
332 224
959 69
93 757
696 771
659 377
753 374
539 735
169 119
726 163
13 524
511 723
526 890
428 817
568 422
644 257
977 520
829 53
74 748
735 209
517 430
593 568
761 558
529 336
655 304
386 851
562 664
843 129
38 365
264 442
620 53
957 266
61 309
211 152
545 648
527 520
861 174
225 662
348 744
371 478
170 863
989 534
728 925
432 362
486 957
453 204
887 629
901 660
405 425
137 779
54 832
366 598
438 163
410 591
280 829
561 412
824 954
767 890
112 672
975 361
837 392
585 487
812 186
637 639
634 924
766 177
239 19
923 992
285 455
594 401
427 122
780 574
858 298
270 468
966 849
881 763
582 769
380 169
897 495
95 726
775 394
869 113
707 464
322 110
337 800
713 839
682 798
720 101
441 644
194 171
114 882
985 327
381 410
381 674
939 274
227 4
657 997
216 307
370 825
971 133
853 169
807 744
636 926
654 37
303 57
852 97
501 439
277 262
460 612
763 518
946 223
340 50
508 940
143 593
455 675
386 934
351 978
11 543
213 925
416 625
663 15
848 660
45 245
577 763
255 162
383 377
546 874
28 693
13 295
989 110
478 525
942 156
799 253
214 823
604 331
328 214
785 560
370 416
813 98
337 169
653 161
586 940
570 297
239 198
250 558
615 299
638 920
50 737
768 796
555 580
96 303
439 561
741 401
707 769
46 909
821 265
254 528
739 688
738 965
685 842
744 282
211 959
480 433
609 592
152 271
677 731
454 716
642 654
185 457
973 160
98 706
190 90
191 231
284 395
927 691
87 310
661 515
20 509
829 609
670 330
815 562
178 533
288 61
421 255
403 348
105 740
118 283
398 161
184 365
701 280
968 678
188 333
597 231
61 822
515 588
554 234
169 8
151 168
134 830
670 668
984 131
97 692
821 528
867 206
523 938
123 590
948 405
697 915
438 559
330 108
279 603
272 45
456 730
58 626
666 373
831 925
11 648
654 466
128 620
921 209
159 303
408 396
283 604
717 407
514 208
788 951
257 185
865 76
439 81
611 544
44 359
137 835
121 300
909 913
417 563
418 876
353 726
244 430
724 880
284 773
451 268
642 191
935 614
636 829
524 191
319 269
655 679
489 466
883 190
935 564
910 787
802 168
286 105
327 903
916 160
650 500
160 616
582 687
289 948
752 383
733 561
683 260
726 442
48 317
936 563
18 413
826 260
313 175
96 553
315 777
134 335
88 617
308 118
333 741
138 917
421 539
28 199
61 763
43 784
523 522
963 707
161 717
659 58
790 784
388 261
540 847
754 454
355 147
749 63
786 203
454 869
367 71
790 643
518 658
832 437
649 193
389 966
122 221
431 63
235 854
914 167
810 340
880 16
541 629
339 965
856 89
677 21
685 825
408 714
830 589
943 182
156 516
57 724
990 761
182 524
18 549
612 728
634 453
653 125
712 519
954 460
700 56
791 211
794 53
136 951
672 601
641 654
823 162
951 489
148 490
174 893
614 365
28 876
802 635
824 927
434 535
25 947
22 374
405 118
745 355
907 220
176 930
430 539
169 658
924 323
538 976
116 196
614 79
906 796
375 601
391 980
529 755
162 508
917 124
564 711
432 794
824 620
949 138
863 949
612 715
594 426
831 299
82 726
494 942
929 311
362 614
989 651
938 431
962 313
835 61
708 821
897 386
347 375
20 343
7 571
602 195
712 415
744 112
123 93
43 139
142 977
588 129
157 945
755 400
518 348
354 609
215 538
237 446
430 127
811 371
5 456
83 936
623 510
421 24
683 957
199 919
221 763
61 390
45 769
191 755
585 584
785 126
783 415
329 266
827 519
327 223
863 205
356 769
16 332
329 155
225 933
904 747
178 496
586 501
969 459
36 22
862 414
476 205
408 597
286 602
506 746
261 792
887 878
893 749
819 758
845 586
130 145
502 728
81 933
79 182
410 385
260 506
414 329
214 982
14 775
182 165
112 673
907 248
15 975
465 32
485 45
627 204
771 678
918 587
868 738
998 357
216 841
488 238
859 993
915 947
426 300
929 211
124 449
178 632
238 73
755 533
561 495
134 132
212 876
360 183
569 421
538 53
469 829
137 49
963 893
583 572
730 912
877 799
125 602
843 659
630 761
759 287
659 948
393 232
450 971
252 323
470 270
869 732
249 451
179 424
976 286
812 940
355 171
86 329
236 222
610 847
810 157
770 110
191 646
446 976
814 996
287 468
804 706
594 252
973 801
943 249
191 868
72 512
872 998
917 442
47 293
817 91
793 657
650 778
207 35
712 607
126 177
221 514
797 858
64 322
304 209
430 881
14 880
384 345
257 205
831 687
690 285
811 563
774 453
372 311
618 203
215 203
375 779
738 736
741 271
484 312
506 848
858 493
215 184
641 1
292 679
918 599
544 820
243 288
550 231
579 474
119 397
263 503
893 166
620 293
336 29
523 259
375 212
600 910
849 746
324 630
454 717
128 265
507 932
59 818
775 489
890 527
892 81
565 53
90 471
53 193
441 679
575 76
192 619
599 346
213 395
783 19
753 142
739 847
77 588
761 651
669 904
321 58
251 185
783 128
252 726
238 929
758 725
1000 752
179 163
587 400
860 900
402 364
95 137
151 171
801 594
293 150
193 258
984 51
749 269
161 876
273 362
61 267
796 834
805 156
353 53
649 608
600 242
427 964
128 621
936 212
865 784
408 397
770 984
690 479
639 338
262 427
248 59
525 495
893 661
253 822
419 156
495 873
484 510
659 818
239 832
468 168
546 448
215 239
366 873
23 740
752 812
29 871
603 270
626 613
813 941
703 763
464 64
640 110
566 33
884 396
225 793
764 874
525 772
49 548
200 457
920 962
117 880
369 554
608 437
441 850
988 505
654 374
195 735
208 850
415 807
307 166
324 561
810 51
276 747
743 851
999 677
910 110
682 9
350 155
834 220
821 962
493 657
646 2
635 424
572 447
166 392
540 157
818 987
911 614
53 778
339 949
59 631
642 348
606 21
205 996
978 676
358 194
305 982
939 967
1 366
555 963
822 383
110 701
3 259
917 409
918 834
496 805
704 346
484 402
391 70
471 244
642 128
571 42
205 296
387 807
10 214
180 602
148 184
132 709
48 508
176 129
475 809
663 984
870 260
543 358
990 437
592 648
350 680
542 42
764 142
916 411
590 310
263 588
878 109
327 680
891 226
359 904
964 638
752 556
820 37
424 727
43 895
412 424
18 51
277 998
646 433
208 717
866 693
544 407
304 908
964 796
460 499
869 921
66 854
674 665
415 569
274 363
972 406
259 453
795 183
465 808
482 134
65 406
156 843
31 617
415 718
934 862
972 485
723 985
779 923
924 320
491 237
117 91
857 652
201 80
438 903
371 416
909 994
192 317
391 375
880 874
511 452
483 907
219 888
233 336
513 422
898 248
948 898
310 111
353 712
375 655
603 680
932 670
555 717
681 922
242 704
519 430
632 72
27 571
780 986
549 683
234 364
567 418
849 185
722 201
979 586
51 779
267 838
676 746
493 354
419 515
518 253
94 944
651 202
102 702
162 227
163 518
627 493
167 118
777 774
336 50
431 717
15 386
475 665
952 395
123 120
450 482
534 266
130 970
721 323
687 722
545 253
782 194
16 536
421 170
848 842
83 583
299 514
728 400
235 640
195 128
536 535
829 430
633 533
406 321
523 819
212 400
984 169
602 280
565 404
292 296
916 866
880 89
349 186
539 150
26 335
469 513
112 258
757 222
304 649
626 897
304 500
328 506
594 525
173 142
586 307
323 545
110 795
37 431
783 950
341 551
71 640
521 911
543 250
619 384
367 398
196 288
812 152
135 389
964 99
564 696
410 823
454 505
589 219
132 556
8 530
526 756
177 625
327 707
552 899
699 980
828 816
666 442
466 740
289 136
453 917
534 902
646 204
760 597
656 880
60 700
862 96
123 4
711 383
967 785
787 87
426 173
259 750
556 616
333 545
27 346
726 88
621 398
36 516
511 890
57 999
276 760
189 226
374 38
714 899
184 478
402 365
558 752
305 638
820 299
571 871
829 35
712 681
207 990
303 844
516 179
719 468
939 828
447 817
748 68
951 737
666 371
885 109
255 967
10 767
447 902
984 338
453 241
491 834
843 425
457 246
439 34
656 800
748 362
415 53
552 5
680 218
866 765
553 900
287 15
572 847
866 620
888 12
599 614
139 12
859 669
72 249
384 213
532 496
779 508
211 654
654 780
90 965
641 499
833 638
498 414
868 582
319 156
40 675
983 229
234 420
811 828
722 145
778 143
176 373
363 949
513 938
842 822
347 252
385 479
856 850
488 438
163 734
759 672
794 804
538 66
941 595
670 147
618 736
857 424
431 645
142 840
919 656
557 515
817 734
401 323
954 529
761 821
762 614
82 820
981 824
344 307
971 254
369 160
260 17
924 40
853 254
708 663
565 298
521 845
53 328
810 195
505 209
268 667
530 194
108 474
71 230
712 796
990 968
443 647
80 571
613 623
624 952
420 189
166 393
406 504
173 419
505 51
785 33
605 416
217 487
938 577
961 992
926 882
193 414
454 295
662 792
408 635
54 976
343 629
182 445
349 388
260 651
528 491
510 105
443 176
569 866
468 895
628 443
849 434
847 219
491 733
989 374
993 883
833 966
711 989
286 56
896 284
577 876
349 584
171 360
155 408
698 11
458 788
719 691
8 603
595 897
964 202
68 775
108 852
896 58
589 227
275 423
99 619
118 203
269 176
125 963
218 39
368 632
763 130
78 459
155 570
1000 560
194 220
712 385
488 858
189 471
636 32
618 599
584 731
986 211
436 176
85 151
160 50
344 271
17 351
436 295
990 650
863 408
296 402
540 941
977 525
961 384
155 457
545 833
48 871
24 718
109 130
931 383
445 384
302 507
654 76
892 495
730 510
731 939
550 45
644 34
84 183
47 45
605 531
456 566
726 733
732 666
821 711
349 198
630 121
957 263
231 479
698 649
571 397
199 580
922 977
743 139
835 869
509 813
898 70
797 884
376 58
463 255
148 392
769 505
891 752
548 105
720 239
646 522
464 114
618 213
525 647
983 847
901 1000
918 990
354 903
85 622
23 702
579 855
985 799
965 465
641 59
717 368
422 596
133 655
542 869
204 276
332 801
59 763
392 406
979 570
564 596
447 112
929 209
507 461
842 839
309 127
261 252
835 27
67 165
270 330
825 17
143 78
47 540
798 828
582 919
859 318
255 921
590 386
260 459
45 710
370 779
562 966
815 392
913 368
587 281
289 446
620 190
60 511
441 619
706 425
446 756
365 508
829 429
853 39
250 76
359 738
895 956
22 918
151 246
432 516
464 866
230 533
894 802
72 691
108 177
109 904
352 643
4 500
748 97
862 489
610 30
350 285
758 142
889 77
173 380
514 344
164 65
917 653
554 585
23 798
11 766
653 131
585 213
392 926
827 880
160 889
495 998
991 941
903 319
248 33
176 782
429 436
938 907
70 430
611 975
466 187
230 32
177 436
128 848
805 570
115 160
296 518
814 840
67 325
214 532
695 95
510 387
25 889
374 635
11 186
394 14
381 174
573 784
116 941
972 21
333 487
708 105
46 912
752 937
289 941
773 403
543 313
893 164
23 927
882 183
350 796
190 206
786 945
713 663
312 88
20 265
773 181
920 791
429 420
271 184
725 701
412 98
584 531
289 489
701 420
467 530
907 785
553 757
222 488
631 84
981 5
195 912
919 307
835 449
796 190
448 468
430 356
255 497
297 818
369 630
558 608
689 727
709 540
324 48
841 492
349 45
588 655
184 573
439 287
956 939
683 677
135 518
942 370
122 265
770 803
787 643
535 481
153 803
402 252
691 223
840 547
583 277
991 624
721 474
67 626
475 457
40 314
978 480
524 84
466 12
15 867
719 11
816 282
603 610
984 992
311 131
570 345
550 824
354 190
578 828
116 227
490 965
286 221
90 962
769 37
720 597
977 442
744 67
604 255
846 164
941 688
300 312
252 229
678 885
785 972
769 455
507 900
845 84
276 177
295 119
522 137
962 464
356 103
341 917
215 956
952 358
73 835
337 854
530 639
582 844
108 535
750 418
552 783
845 438
578 275
688 511
356 325
218 354
40 670
204 145
189 291
263 568
460 378
544 397
48 892
288 203
491 340
610 898
481 734
653 694
527 237
765 946
967 26
202 144
847 576
593 609
904 916
759 148
249 219
748 139
623 709
844 694
666 690
795 90
762 27
818 985
961 181
140 301
306 5
669 636
301 382
231 253
73 231
112 331
442 436
704 15
780 492
32 652
343 628
292 214
622 580
171 943
897 219
54 888
970 849
357 524
953 514
477 400
813 22
379 686
141 665
30 78
310 48
572 707
987 121
337 7
376 987
867 322
916 71
664 152
152 428
461 158
724 740
176 274
656 524
507 288
141 972
708 232
688 189
191 90
655 971
566 178
879 169
147 224
517 931
501 237
470 118
147 81
939 157
778 277
115 265
85 293
69 864
52 82
240 247
678 826
809 697
682 201
773 30
556 674
575 390
407 496
29 318
985 408
714 742
587 380
751 705
520 307
167 400
508 393
229 727
621 85
697 888
222 416
558 702
541 308
778 966
339 644
356 558
74 379
887 295
635 438
2 383
40 182
169 470
740 539
852 189
815 43
856 56
107 142
948 584
883 737
443 896
856 167
947 272
214 943
978 370
257 964
271 983
295 772
850 445
705 454
921 286
550 633
202 731
536 598
889 771
232 538
304 135
988 113
805 517
337 321
466 871
253 109
200 71
533 139
805 662
862 985
542 987
618 101
637 455
506 827
968 76
147 433
219 593
747 536
54 128
241 399
96 502
314 309
82 697
979 573
86 785
927 933
622 327
363 586
287 538
881 767
219 496
930 250
177 34
716 271
661 378
4 659
497 71
775 390
765 310
142 769
751 775
240 431
717 179
21 908
705 683
544 727
749 226
130 962
913 375
587 280
824 54
612 189
260 234
777 448
283 286
29 435
236 217
109 869
935 908
353 467
522 532
961 28
231 470
70 848
883 991
403 915
377 70
361 969
782 909
481 593
934 492
575 638
946 170
50 119
389 846
193 69
314 704
97 176
593 843
391 94
304 502
196 684
912 245
757 77
371 446
460 981
582 104
602 858
291 65
629 3
583 768
282 260
28 800
50 808
534 126
974 881
975 472
724 856
346 482
328 41
201 317
3 627
206 14
997 769
492 975
242 738
926 406
340 839
536 364
292 674
404 484
232 163
876 928
527 930
163 599
518 223
726 402
871 671
698 435
275 478
385 610
993 757
208 75
266 295
532 513
91 774
932 880
5 218
480 799
725 715
373 794
270 214
476 959
437 687
873 404
612 115
958 67
118 492
65 784
66 75
820 96
644 310
721 429
902 634
62 496
473 228
332 930
630 506
78 845
284 212
13 818
360 594
749 488
970 279
922 594
886 131
482 221
910 179
182 794
662 528
863 241
404 16
867 242
745 958
445 312
839 136
255 65
260 627
444 240
193 432
502 442
790 882
201 925
165 826
97 220
850 498
465 528
162 528
435 540
678 488
827 814
700 16
595 314
644 951
142 584
802 736
679 918
774 634
297 684
816 396
279 516
463 347
525 492
216 773
918 165
142 557
124 576
215 379
181 391
865 711
812 239
405 207
574 469
814 869
328 691
798 185
654 957
215 89
661 111
275 284
149 315
648 380
893 214
803 722
309 5
60 909
155 930
769 375
661 434
148 742
744 24
561 582
256 588
699 720
521 208
924 187
651 597
964 660
643 709
282 631
838 608
749 59
796 108
571 395
269 172
292 275
43 579
719 597
619 992
122 72
13 167
666 691
795 93
282 184
834 509
692 963
455 615
168 63
496 668
518 835
101 847
49 748
156 512
99 66
371 457
904 578
173 323
266 615
469 680
400 993
537 672
405 400
282 461
690 510
657 271
966 275
788 599
970 862
780 434
757 438
461 857
27 563
909 945
331 921
604 836
708 381
389 158
693 719
654 895
513 377
43 406
23 660
211 684
831 826
694 171
570 493
957 624
214 109
731 309
92 526
227 786
897 228
555 384
976 859
775 255
869 224
823 171
135 348
102 657
267 940
219 407
4 553
314 385
744 342
872 427
156 508
618 691
727 119
159 763
338 86
129 572
941 949
66 401
998 840
351 460
551 186
420 648
536 241
523 477
835 351
194 77
330 669
169 793
9 928
651 625
481 533
288 121
161 749
298 334
963 560
809 858
687 793
134 875
193 173
330 974
921 673
874 643
472 208
58 980
499 634
890 105
643 555
975 397
126 447
880 143
540 275
301 353
175 312
512 863
844 776
31 174
415 15
374 203
975 455
978 425
157 580
763 809
568 809
589 577
366 970
148 377
311 739
564 897
33 719
883 205
901 982
918 988
888 181
101 303
160 694
267 234
894 463
841 705
128 148
888 108
685 976
517 535
999 566
149 371
759 580
778 69
986 480
803 746
509 661
6 439
925 131
48 761
90 76
878 157
971 461
722 633
1 821
104 160
584 362
313 340
455 320
136 251
691 619
442 983
313 453
998 820
839 496
824 55
256 69
846 712
216 167
895 553
296 287
297 106
877 351
151 230
460 609
743 634
799 676
981 321
748 204
343 872
969 649
805 19
93 257
424 242
922 785
279 172
743 459
746 573
283 297
925 922
40 34
439 426
832 14
705 304
457 690
841 208
215 5
678 461
278 991
748 257
823 369
295 696
560 535
499 485
651 416
944 694
818 339
654 533
36 276
664 533
483 825
585 53
197 807
509 117
805 568
662 147
811 567
991 845
850 83
499 3
673 586
898 509
183 357
632 103
405 795
792 949
102 895
693 424
703 863
141 817
769 72
661 74
426 265
595 970
561 238
470 866
641 182
950 440
458 810
791 8
855 117
893 162
787 269
716 733
155 631
12 768
453 914
20 267
792 292
557 540
523 404
30 635
416 8
536 809
275 191
607 261
481 982
725 699
7 652
648 850
798 681
360 949
311 878
576 645
722 895
407 315
800 989
914 45
208 648
725 413
343 956
108 497
758 462
779 855
209 371
302 160
239 847
738 122
847 508
79 822
781 14
841 355
698 732
2 215
663 46
991 749
113 964
481 124
64 388
654 471
795 271
409 120
69 46
693 998
804 87
897 723
845 720
314 967
244 4
82 171
10 580
968 344
182 246
475 376
25 57
525 380
448 688
965 373
457 934
646 720
684 291
722 106
211 659
399 480
720 599
63 823
671 180
450 472
289 990
253 389
453 707
497 851
439 528
480 623
584 117
786 753
380 8
698 485
42 641
3 925
955 804
815 782
284 710
301 672
927 636
776 711
937 756
61 340
119 258
934 754
270 256
697 20
441 854
423 866
544 673
156 191
837 784
52 120
753 221
700 828
20 414
665 935
226 695
78 652
907 942
725 353
911 81
934 453
368 396
277 974
605 6
901 132
925 286
375 331
602 445
35 788
610 896
22 626
448 387
688 531
655 474
880 390
292 284
240 37
705 45
498 741
389 594
28 310
356 667
892 565
179 130
133 669
210 532
563 40
196 967
252 843
456 620
797 951
528 797
700 471
847 352
61 299
62 732
692 627
330 284
222 774
776 398
224 88
905 750
325 7
879 928
954 457
11 824
693 812
608 860
554 670
614 358
851 48
690 334
653 346
902 955
991 20
932 279
76 881
543 154
660 505
598 979
471 240
112 777
522 486
867 907
393 647
479 554
744 441
962 528
963 217
46 607
935 359
665 327
24 121
333 465
744 456
779 251
565 806
858 336
125 879
332 143
595 627
265 194
307 635
588 472
478 973
904 487
216 575
734 961
274 163
912 801
695 762
310 668
282 729
264 100
198 413
53 438
91 623
38 42
276 651
110 984
632 159
179 448
610 932
705 920
108 57
873 783
41 112
631 911
445 270
671 168
967 393
899 249
813 547
596 341
652 487
417 946
269 945
277 422
663 953
338 340
653 11
984 414
89 574
123 321
867 491
487 188
493 528
344 620
309 998
515 71
387 728
671 840
103 186
385 47
386 256
23 981
742 471
432 78
739 645
895 319
764 746
926 297
489 28
896 332
327 804
571 74
755 793
438 455
153 341
712 996
966 937
552 653
368 810
609 364
96 281
831 485
724 651
877 615
470 839
364 259
181 144
256 201
941 758
925 195
114 228
385 516
133 942
816 864
980 979
18 478
879 207
203 934
954 754
132 362
759 357
834 860
462 901
877 794
682 792
111 422
521 427
901 58
460 222
152 727
887 193
100 181
643 850
779 533
910 443
773 287
934 13
347 741
131 304
955 994
218 34
450 742
52 854
456 887
218 634
160 797
355 319
230 953
377 475
268 350
252 941
734 505
807 631
829 27
503 540
767 371
36 849
349 182
739 274
409 321
411 287
469 525
315 213
770 158
326 793
607 440
700 14
336 793
98 728
528 423
72 995
698 539
421 972
131 893
499 484
338 90
28 802
180 841
323 574
969 196
491 632
314 915
650 617
84 761
875 798
107 680
381 73
111 800
58 412
828 648
104 690
690 745
193 903
931 145
771 632
223 843
975 760
353 601
851 454
102 892
824 698
399 316
163 428
931 463
241 425
683 286
981 605
854 709
300 790
929 242
108 927
18 435
570 132
539 623
4 738
446 91
637 188
950 731
714 970
333 310
649 380
744 62
411 657
798 799
32 362
952 427
772 382
789 568
490 164
502 845
748 621
895 750
587 681
308 446
40 564
352 885
778 698
998 977
795 853
643 733
393 489
216 132
553 267
654 735
995 954
668 76
523 851
571 891
517 369
701 244
101 984
448 70
377 96
784 736
715 440
314 627
994 209
525 183
412 592
732 605
809 220
974 518
433 240
588 616
866 774
117 128
193 720
103 109
838 224
948 800
382 60
619 673
978 479
375 303
338 547
935 42
419 131
737 140
500 990
85 1000
733 248
515 445
759 888
372 272
923 640
580 236
487 982
85 699
9 351
137 402
634 500
949 211
56 798
932 775
605 248
540 560
498 207
461 473
268 851
513 840
203 878
556 810
226 709
999 450
635 867
846 615
406 944
298 217
851 911
109 9
554 406
804 978
970 422
398 135
221 608
856 257
711 125
112 17
184 510
478 224
316 139
644 989
265 579
239 54
92 610
42 229
683 629
577 490
887 717
835 846
654 150
334 594
316 489
444 150
399 914
899 442
850 468
747 100
760 812
888 958
373 113
947 471
658 991
309 562
464 819
628 272
885 367
686 112
562 130
92 85
585 460
714 159
326 658
590 895
594 130
850 24
547 8
197 911
203 718
225 765
64 988
711 878
305 486
783 523
183 477
522 217
940 184
584 402
608 264
959 509
377 785
517 979
739 607
385 680
635 926
726 331
198 752
473 407
91 832
365 97
919 688
462 985
703 222
687 709
800 919
980 973
783 86
221 979
496 254
886 815
796 451
669 843
618 885
657 899
277 850
316 824
359 762
291 618
131 245
944 832
65 361
412 762
14 290
257 575
9 610
84 34
857 870
622 550
985 747
97 169
638 751
597 876
169 351
909 96
201 91
952 765
644 723
316 678
589 797
736 447
476 122
793 808
41 563
996 865
387 731
524 904
355 920
968 258
141 472
167 600
556 806
188 917
562 166
128 840
665 151
794 863
799 207
286 137
968 480
16 925
6 770
8 797
686 366
600 747
881 914
293 868
413 259
391 839
731 176
742 722
518 246
856 605
578 517
389 418
962 484
11 368
51 703
983 30
608 276
4 527
538 579
977 161
190 214
237 233
517 823
377 926
485 491
551 56
697 83
882 113
333 679
521 919
587 652
971 301
946 613
563 669
717 914
521 127
482 69
763 60
891 995
947 949
808 493
847 916
132 103
395 727
741 607
571 862
420 866
851 243
652 565
841 500
606 180
933 44
59 403
350 374
227 713
321 663
487 11
514 421
951 664
63 654
776 504
389 955
823 450
255 140
865 200
593 659
900 601
723 214
905 805
589 769
515 162
664 744
628 729
171 1000
137 808
136 885
653 272
839 439
345 909
804 140
244 81
906 764
376 201
894 15
556 364
701 629
176 96
965 288
58 12
538 786
543 7
94 957
870 374
11 271
16 679
931 152
295 79
206 862
100 485
122 669
893 160
623 11
733 599
772 601
259 934
77 915
65 971
392 261
376 756
108 559
180 428
751 951
812 729
86 18
927 696
677 597
255 953
27 416
545 35
824 102
821 564
576 647
367 668
995 223
423 606
62 234
838 635
304 689
735 129
95 102
8 34
891 911
998 929
437 827
434 196
967 50
606 374
825 493
994 396
230 602
805 420
278 300
361 938
916 773
549 943
252 801
456 626
787 534
114 830
27 925
376 297
982 631
476 284
478 438
343 620
489 318
128 611
183 903
611 984
6 644
698 977
245 378
606 861
866 758
975 8
83 128
796 776
325 323
996 648
758 571
500 991
29 607
926 727
818 452
553 34
837 4
453 431
24 321
99 775
405 204
375 626
396 513
915 531
219 238
92 144
390 35
608 254
336 124
756 302
59 694
775 148
209 101
565 704
793 566
739 725
962 300
802 389
485 341
204 431
795 756
685 568
191 179
471 643
700 847
590 335
461 425
547 568
40 642
475 629
869 653
639 827
677 474
352 771
264 217
236 141
80 18
705 280
607 367
318 363
269 169
805 503
761 395
981 150
820 276
255 401
791 917
939 654
430 503
641 884
490 290
93 327
331 606
459 613
581 434
283 275
946 113
130 98
849 890
810 512
279 383
373 320
168 320
429 103
512 997
668 569
807 353
754 10
936 837
774 613
760 137
748 268
338 35
176 970
943 514
68 328
819 528
768 526
749 815
92 86
546 655
106 406
129 274
718 177
685 2
957 787
432 130
660 362
823 974
385 397
333 463
435 576
264 945
845 279
52 393
312 310
864 995
574 562
591 624
496 938
436 927
938 170
937 726
128 464
927 739
731 482
347 509
220 869
557 610
523 478
599 360
52 94
143 385
668 365
845 295
65 221
119 6
783 97
688 948
255 710
9 822
49 833
229 723
860 987
754 370
647 791
602 270
97 700
914 130
532 565
827 687
40 811
117 561
143 581
813 545
887 720
657 61
567 726
805 205
218 809
818 628
554 975
694 530
959 365
981 396
767 447
70 165
734 204
511 381
610 985
120 870
611 400
76 945
202 372
240 527
54 856
936 801
853 932
107 718
625 781
310 97
797 913
543 157
486 358
788 340
2 705
245 965
247 321
881 913
519 53
510 188
608 84
712 117
570 127
533 105
126 486
198 819
896 27
315 985
356 59
67 168
741 280
552 828
20 370
674 668
651 224
15 57
915 7
844 167
437 343
39 391
61 715
333 678
599 335
820 136
948 69
22 734
77 673
191 425
428 781
947 775
364 915
9 850
411 66
922 642
515 600
570 661
796 87
874 851
784 631
527 801
985 154
754 489
757 902
4 354
539 253
779 812
881 928
107 209
226 283
796 885
453 118
880 174
420 65
918 448
956 115
739 424
451 621
912 233
145 734
737 900
499 377
170 827
541 610
340 655
844 815
525 452
875 899
489 220
931 949
434 583
309 617
113 756
372 143
889 803
945 81
822 313
842 427
222 649
832 717
559 522
928 780
447 300
243 345
159 376
163 893
76 522
78 72
461 64
561 146
621 802
453 748
238 274
760 782
119 533
1 548
142 596
950 447
565 780
204 309
811 871
833 675
963 32
836 306
360 11
379 313
489 681
426 154
959 52
259 252
543 693
622 214
694 803
919 650
685 612
83 480
147 909
20 389
350 900
632 661
136 154
856 521
378 341
144 645
513 524
697 479
860 893
166 42
373 734
160 127
490 922
161 682
22 597
98 199
886 788
99 98
85 59
51 199
736 845
492 83
661 862
429 958
212 434
714 796
731 918
515 709
516 42
481 407
467 228
107 189
499 656
370 937
171 159
245 39
699 587
966 403
862 262
697 772
862 462
844 621
900 687
207 159
559 490
764 246
466 487
49 341
213 360
257 768
330 374
666 492
232 696
606 834
476 35
332 77
27 555
376 119
413 526
179 660
309 589
832 698
923 533
690 312
90 604
72 255
941 393
210 149
565 557
755 979
955 277
116 799
278 570
470 786
419 624
557 202
757 508
688 7
462 694
256 179
475 825
77 37
333 443
11 443
251 798
267 533
786 639
141 418
608 477
94 696
789 888
226 592
63 103
528 54
252 444
826 511
898 768
385 755
484 799
731 310
532 333
290 560
75 298
238 874
337 619
450 778
14 187
566 612
846 660
703 309
583 803
161 716
40 929
978 859
501 286
265 752
748 881
117 600
408 820
743 558
713 36
969 757
790 485
882 634
187 656
539 167
499 610
889 302
570 525
594 685
231 890
923 181
654 263
179 933
619 705
488 687
309 911
326 871
927 507
250 581
857 603
658 604
453 352
440 961
735 606
180 771
567 177
953 517
315 496
585 498
721 655
845 896
77 278
24 350
950 186
723 348
836 197
34 203
971 886
664 878
777 561
483 592
447 501
195 100
894 294
20 121
724 737
428 486
124 437
307 719
72 328
443 420
759 749
156 504
696 669
697 196
471 305
397 506
818 658
960 786
530 604
623 179
55 807
259 526
151 548
152 766
190 26
26 702
578 483
963 679
895 672
109 235
761 580
482 447
49 832
356 580
782 152
416 785
933 212
921 820
499 800
31 705
147 528
900 434
541 416
60 238
895 228
2 235
112 107
210 646
926 848
617 901
785 144
932 193
454 261
649 673
802 693
396 390
37 436
700 212
500 114
266 918
440 989
567 307
387 618
244 901
434 563
201 260
720 756
93 878
404 239
63 618
907 240
414 448
129 80
148 244
519 423
354 897
229 463
211 588
654 974
199 720
897 171
310 128
719 748
561 198
694 58
220 693
994 832
81 89
629 721
746 434
358 527
531 651
181 14
538 577
560 393
264 854
20 248
232 106
125 993
225 971
428 744
747 970
366 356
39 390
479 207
783 7
930 473
843 792
626 104
907 640
65 184
621 419
568 81
640 686
882 849
994 375
939 410
192 805
924 110
599 428
782 116
235 889
588 899
836 573
5 677
389 518
674 692
36 717
545 577
322 602
222 163
39 859
558 953
245 66
726 755
552 242
715 366
792 981
597 782
697 856
532 229
706 918
837 160
698 550
898 36
93 80
274 778
81 616
387 569
923 411
905 948
778 344
309 616
550 926
495 861
757 362
741 597
188 955
120 97
16 876
348 177
495 194
741 678
633 293
229 402
357 173
174 493
639 990
784 353
125 65
953 430
625 953
958 697
903 104
54 641
409 732
980 685
216 958
875 561
215 176
96 312
890 962
707 776
844 803
445 572
853 560
214 379
649 272
43 1
544 554
137 452
507 92
968 986
418 487
592 998
756 537
833 460
946 805
892 105
837 824
159 844
864 650
332 432
575 116
852 719
569 824
674 903
161 312
74 587
570 596
754 217
406 538
445 224
173 662
834 240
908 591
247 805
605 691
880 414
273 64
829 459
419 300
798 724
326 463
41 77
361 419
362 499
553 42
184 707
648 216
478 293
746 541
831 743
364 436
295 890
553 647
465 523
118 847
448 871
215 359
729 410
866 438
398 661
572 96
610 431
850 382
101 520
193 725
729 523
698 570
699 367
119 948
852 327
148 300
983 559
361 484
489 191
179 663
292 926
521 940
974 854
637 680
489 72
914 925
625 980
348 149
872 519
376 854
362 873
492 808
307 8
884 246
711 903
548 397
399 285
813 169
275 636
467 189
778 182
67 69
767 744
591 414
24 144
557 346
834 737
640 42
440 64
497 177
206 555
801 89
843 706
207 875
106 825
892 141
251 127
158 473
271 154
310 692
39 334
408 64
674 939
986 873
444 774
40 419
635 66
339 513
291 738
74 766
94 965
423 717
585 714
161 550
878 661
402 328
95 213
98 91
613 616
36 742
195 771
126 565
930 850
571 664
848 567
982 550
987 968
135 297
222 9
795 449
931 615
525 216
182 517
226 473
512 840
163 504
680 46
864 347
455 896
149 821
408 497
888 522
351 906
274 850
889 311
220 695
492 258
676 905
435 797
975 415
483 885
135 36
84 572
417 327
642 152
954 166
774 389
82 429
590 162
840 1
209 54
851 387
798 158
251 735
695 306
8 578
786 721
694 974
309 100
419 764
403 227
132 483
617 211
217 765
968 899
254 672
521 277
5 140
748 64
246 624
310 928
29 22
547 585
952 503
368 718
740 126
878 484
419 939
829 672
801 327
730 167
180 132
643 548
221 976
368 428
920 627
351 189
150 666
905 225
433 736
535 611
810 174
706 463
799 830
691 417
412 326
504 954
359 118
840 643
288 570
679 742
740 912
580 845
361 753
287 281
434 895
53 999
166 654
577 277
662 942
40 999
125 346
418 826
974 799
580 498
746 902
90 610
54 969
664 941
936 946
663 673
775 939
7 61
637 336
992 505
587 143
747 385
45 428
447 488
167 247
309 471
38 575
759 579
299 351
128 439
203 973
884 460
996 134
143 193
163 671
39 48
965 24
632 524
270 252
259 621
375 47
307 889
386 404
274 18
947 777
565 250
159 905
204 802
839 124
912 700
735 63
682 457
313 682
541 274
190 736
530 5
179 81
93 491
735 76
916 874
434 518
957 66
357 808
984 32
801 574
736 641
593 828
387 397
761 306
803 66
718 640
757 166
60 58
746 585
395 775
378 725
127 690
680 87
457 194
296 832
225 110
541 133
391 339
563 770
782 544
609 192
240 557
349 453
424 849
687 493
858 801
805 731
7 400
708 291
836 888
174 387
806 912
127 673
702 833
448 728
309 265
813 233
889 515
422 305
431 794
747 621
710 627
10 319
346 270
954 961
862 846
846 83
409 588
285 417
504 119
474 106
293 918
294 433
354 644
850 769
389 387
925 241
933 710
254 617
708 591
540 552
209 280
229 853
105 94
682 873
412 202
347 551
593 451
242 307
995 371
138 630
231 463
990 698
61 862
338 837
283 204
192 907
48 855
420 931
730 439
222 467
259 359
743 695
531 211
382 533
649 845
633 569
175 40
661 973
407 901
209 902
697 921
258 215
832 240
454 981
657 507
783 414
92 696
793 715
97 214
25 369
79 930
689 938
376 411
28 636
582 63
839 932
970 981
866 770
6 635
466 116
418 755
571 315
202 650
206 338
797 821
745 508
654 762
420 455
349 346
300 638
837 421
965 368
732 157
92 252
475 236
324 415
308 960
720 588
59 858
962 521
708 37
391 891
833 337
696 840
842 830
238 415
848 319
261 172
262 895
910 571
234 590
734 863
143 161
668 633
150 960
815 762
856 969
213 340
584 344
547 684
643 813
327 300
479 474
77 773
650 175
155 711
372 839
47 989
603 197
324 994
716 476
20 411
928 930
597 431
959 776
711 347
839 294
15 224
934 510
807 836
4 119
668 142
299 431
434 276
861 667
146 160
493 759
991 8
80 420
635 50
446 695
50 324
912 631
565 419
540 103
616 389
544 49
856 436
805 69
444 35
83 357
815 28
650 791
199 715
311 269
738 27
313 956
250 353
32 532
228 449
993 503
364 409
438 944
351 685
227 915
685 290
816 479
589 710
183 21
519 671
328 24
572 875
405 124
409 889
196 23
306 723
263 131
655 653
881 460
609 347
72 345
280 121
194 899
466 924
30 37
927 825
401 731
590 29
573 849
578 573
220 578
95 598
162 267
53 110
94 666
646 253
958 803
336 222
483 129
708 846
32 295
820 768
215 718
422 492
354 430
852 657
159 775
863 371
555 66
886 944
160 74
401 176
520 314
446 704
319 594
80 470
790 677
482 44
304 788
212 389
602 269
674 686
804 577
752 146
398 790
154 314
482 159
874 653
987 934
44 733
230 216
821 719
53 885
202 401
849 384
26 227
870 544
141 242
897 636
239 755
995 549
391 366
966 486
382 487
989 31
562 211
525 477
429 72
325 561
729 578
543 151
495 827
202 981
654 690
625 961
770 439
223 973
957 963
816 197
429 362
89 72
380 760
898 275
862 960
370 258
902 299
673 529
121 716
564 21
38 685
989 451
24 43
129 95
724 656
752 901
16 703
660 248
219 88
113 765
583 69
756 353
738 820
815 860
906 24
308 715
566 230
316 817
492 535
769 847
275 459
573 998
498 128
375 202
347 871
808 917
90 788
619 552
521 304
557 562
417 657
198 720
756 950
155 655
891 153
180 574
772 278
62 242
134 559
564 144
947 776
214 247
830 789
695 842
257 549
811 329
298 300
965 445
47 235
555 962
716 202
420 799
567 409
520 421
575 641
27 151
778 997
429 599
710 488
277 842
27 4
653 840
31 564
930 923
771 389
196 702
539 97
577 470
995 867
559 98
652 384
301 302
340 436
348 847
151 492
232 816
804 426
843 388
165 656
205 931
480 174
226 414
245 354
357 632
141 359
935 785
849 720
667 995
970 656
480 396
903 324
204 621
284 820
377 124
71 776
629 814
337 166
764 523
192 109
606 534
864 209
827 455
441 128
387 870
542 830
211 618
670 854
379 476
196 254
197 579
769 66
988 882
137 744
252 181
84 896
256 170
241 428
258 888
6 506
617 25
998 398
